Province_State,Country_Region,Last_Update,Lat,Long_,Confirmed,Deaths,Recovered,Active,FIPS,Incident_Rate,Total_Test_Results,People_Hospitalized,Case_Fatality_Ratio,UID,ISO3,Testing_Rate,Hospitalization_Rate,Date,People_Tested,Mortality_Rate,prevValue_Confirmed,diff_Confirmed,prevValue_Deaths,diff_Deaths
South Dakota,US,2021-01-02 05:30:44,44.2998,-99.4388,99164,1488,91980.0,5696.0,46.0,11209.290811487816,597286.0,,1.5005445524585534,84000046.0,USA,6.751595812623847e-06,,2021-01-01,,,,0.0,,0.0
South Dakota,US,2021-01-03 05:30:33,44.2998,-99.4388,99829,1501,92595.0,5733.0,46.0,11284.461018313272,599967.0,,1.5035711065922728,84000046.0,USA,6.78190127495453e-06,,2021-01-02,,,99164,665.0,1488,13.0
South Dakota,US,2021-01-04 05:30:45,44.2998,-99.4388,100532,1513,93031.0,5988.0,46.0,11363.926665528752,601226.0,,1.5049934349261926,84000046.0,USA,6.796132747194117e-06,,2021-01-03,,,99829,703.0,1501,12.0
South Dakota,US,2021-01-05 05:30:33,44.2998,-99.4388,100643,1513,93099.0,6031.0,46.0,11376.473872983828,602460.0,,1.5033335651759188,84000046.0,USA,6.810081624671201e-06,,2021-01-04,,,100532,111.0,1513,0.0
South Dakota,US,2021-01-06 05:30:39,44.2998,-99.4388,101076,1513,93529.0,6034.0,46.0,11425.419285849124,603392.0,,1.4968934267284024,84000046.0,USA,6.820616757417265e-06,,2021-01-05,,,100643,433.0,1513,0.0
South Dakota,US,2021-01-07 05:30:38,44.2998,-99.4388,101684,1519,93778.0,6387.0,46.0,11494.14633208954,605714.0,,1.4938436725541877,84000046.0,USA,6.846864158958424e-06,,2021-01-06,,,101076,608.0,1513,6.0
South Dakota,US,2021-01-08 05:30:47,44.2998,-99.4388,102132,1544,94513.0,6075.0,46.0,11544.787313529849,607942.0,,1.5117690831472996,84000046.0,USA,6.872049004192575e-06,,2021-01-07,,,101684,448.0,1519,25.0
South Dakota,US,2021-01-09 05:30:45,44.2998,-99.4388,102580,1556,95783.0,5241.0,46.0,11595.428294970152,610790.0,,1.516864885942679,84000046.0,USA,6.904242199536771e-06,,2021-01-08,,,102132,448.0,1544,12.0
South Dakota,US,2021-01-10 05:30:28,44.2998,-99.4388,102901,1570,96291.0,5040.0,46.0,11631.713462475373,613696.0,,1.5257383310171913,84000046.0,USA,6.9370910147299694e-06,,2021-01-09,,,102580,321.0,1556,14.0
South Dakota,US,2021-01-11 05:30:40,44.2998,-99.4388,103318,1585,96693.0,5040.0,46.0,11678.850268860657,615506.0,,1.5340986081805688,84000046.0,USA,6.957550875535093e-06,,2021-01-10,,,102901,417.0,1570,15.0
South Dakota,US,2021-01-12 05:30:28,44.2998,-99.4388,103499,1585,96812.0,5102.0,46.0,11699.31012966578,617105.0,,1.531415762471135,84000046.0,USA,6.975625636544702e-06,,2021-01-11,,,103318,181.0,1585,0.0
South Dakota,US,2021-01-13 05:30:34,44.2998,-99.4388,103743,1585,97407.0,4751.0,46.0,11726.891378485949,617976.0,,1.5278139247949258,84000046.0,USA,6.985471238070262e-06,,2021-01-12,,,103499,244.0,1585,0.0
South Dakota,US,2021-01-14 05:30:28,44.2998,-99.4388,104195,1604,97829.0,4762.0,46.0,11777.984511546258,620320.0,,1.5394212774125438,84000046.0,USA,7.011967323002423e-06,,2021-01-13,,,103743,452.0,1585,19.0
South Dakota,US,2021-01-15 05:30:28,44.2998,-99.4388,104512,1614,98170.0,4728.0,46.0,11813.817527431474,622598.0,,1.5443202694427434,84000046.0,USA,7.037717357761578e-06,,2021-01-14,,,104195,317.0,1604,10.0
South Dakota,US,2021-01-16 05:30:49,44.2998,-99.4388,104937,1629,98576.0,4732.0,46.0,11861.858637056765,625111.0,,1.552359987421024,84000046.0,USA,7.06612378328825e-06,,2021-01-15,,,104512,425.0,1614,15.0
South Dakota,US,2021-01-17 05:30:35,44.2998,-99.4388,105278,1633,98808.0,4837.0,46.0,11900.404562661995,627435.0,,1.5511312904880412,84000046.0,USA,7.092393792410409e-06,,2021-01-16,,,104937,341.0,1629,4.0
South Dakota,US,2021-01-18 05:30:33,44.2998,-99.4388,105544,1656,99226.0,4662.0,46.0,11930.47264539218,629331.0,,1.5690138709921928,84000046.0,USA,7.113825779198539e-06,,2021-01-17,,,105278,266.0,1633,23.0
South Dakota,US,2021-01-19 05:30:28,44.2998,-99.4388,105659,1667,99379.0,4613.0,46.0,11943.472004467258,630680.0,,1.577716995239402,84000046.0,USA,7.129074592583131e-06,,2021-01-18,,,105544,115.0,1656,11.0
South Dakota,US,2021-01-20 05:30:46,44.2998,-99.4388,105786,1667,99887.0,4232.0,46.0,11957.827818402346,631474.0,,1.575822887716711,84000046.0,USA,7.138049802240185e-06,,2021-01-19,,,105659,127.0,1667,0.0
South Dakota,US,2021-01-21 05:30:34,44.2998,-99.4388,106063,1667,100293.0,4103.0,46.0,11989.139318087537,632612.0,,1.571707381461961,84000046.0,USA,7.150913515829264e-06,,2021-01-20,,,105786,277.0,1667,0.0
South Dakota,US,2021-01-22 05:30:39,44.2998,-99.4388,106400,1673,100638.0,4089.0,46.0,12027.233092072764,634822.0,,1.5723684210526316,84000046.0,USA,7.175894892834415e-06,,2021-01-21,,,106063,337.0,1667,6.0
South Dakota,US,2021-01-23 05:30:27,44.2998,-99.4388,106716,1684,100942.0,4090.0,46.0,12062.95307005298,636973.0,,1.578020165673376,84000046.0,USA,7.200209346200061e-06,,2021-01-22,,,106400,316.0,1673,11.0
South Dakota,US,2021-01-24 05:30:28,44.2998,-99.4388,106963,1696,101246.0,4021.0,46.0,12090.87343258815,638880.0,,1.58559501883829,84000046.0,USA,7.221765674683692e-06,,2021-01-23,,,106716,247.0,1684,12.0
South Dakota,US,2021-01-25 05:30:45,44.2998,-99.4388,107148,1705,101438.0,4005.0,46.0,12111.785445013276,640773.0,,1.5912569529995892,84000046.0,USA,7.243163750100321e-06,,2021-01-24,,,106963,185.0,1696,9.0
South Dakota,US,2021-01-26 05:30:28,44.2998,-99.4388,107180,1705,101797.0,3678.0,46.0,12115.402657973298,641868.0,,1.5907818622877403,84000046.0,USA,7.255541400697896e-06,,2021-01-25,,,107148,32.0,1705,0.0
South Dakota,US,2021-01-27 05:30:51,44.2998,-99.4388,107380,1705,102247.0,3428.0,46.0,12138.010238973437,642553.0,,1.5878189607003166,84000046.0,USA,7.263284497190443e-06,,2021-01-26,,,107180,200.0,1705,0.0
South Dakota,US,2021-01-28 05:30:28,44.2998,-99.4388,107608,1739,102631.0,3238.0,46.0,12163.782881313591,644138.0,,1.6160508512378262,84000046.0,USA,7.281201005133051e-06,,2021-01-27,,,107380,228.0,1705,34.0
South Dakota,US,2021-01-29 05:30:28,44.2998,-99.4388,107795,1763,102895.0,3137.0,46.0,12184.92096954872,645559.0,,1.6355118511990352,84000046.0,USA,7.297263691433649e-06,,2021-01-28,,,107608,187.0,1739,24.0
South Dakota,US,2021-01-30 05:30:40,44.2998,-99.4388,107955,1768,103127.0,3060.0,46.0,12203.007034348828,647736.0,,1.6377194201287573,84000046.0,USA,7.321872043352298e-06,,2021-01-29,,,107795,160.0,1763,5.0
South Dakota,US,2021-01-31 05:30:41,44.2998,-99.4388,108070,1775,103401.0,2894.0,46.0,12216.006393423906,649393.0,,1.6424539650226704,84000046.0,USA,7.34060242421091e-06,,2021-01-30,,,107955,115.0,1768,7.0
South Dakota,US,2021-02-01 05:30:44,44.2998,-99.4388,108250,1778,103639.0,2833.0,46.0,12236.35321632403,651113.0,,1.6424942263279445,84000046.0,USA,7.360044943871028e-06,,2021-01-31,,,108070,180.0,1775,3.0
South Dakota,US,2021-02-02 05:30:40,44.2998,-99.4388,108315,1778,103709.0,2828.0,46.0,12243.700680149075,652087.0,,1.6415085629875823,84000046.0,USA,7.371054835818095e-06,,2021-02-01,,,108250,65.0,1778,0.0
South Dakota,US,2021-02-03 05:30:38,44.2998,-99.4388,108431,1779,104052.0,2600.0,46.0,12256.813077129154,652680.0,,1.6406747147955842,84000046.0,USA,7.377757983584635e-06,,2021-02-02,,,108315,116.0,1778,1.0
South Dakota,US,2021-02-04 05:30:42,44.2998,-99.4388,108639,1782,104305.0,2552.0,46.0,12280.324961369295,654279.0,,1.640294921713197,84000046.0,USA,7.395832744594245e-06,,2021-02-03,,,108431,208.0,1779,3.0
South Dakota,US,2021-02-05 05:30:47,44.2998,-99.4388,108813,1788,104508.0,2517.0,46.0,12299.993556839416,655982.0,,1.6431860163767198,84000046.0,USA,7.415083099815861e-06,,2021-02-04,,,108639,174.0,1782,6.0
South Dakota,US,2021-02-06 05:30:40,44.2998,-99.4388,108944,1798,104716.0,2430.0,46.0,12314.801522394504,658020.0,,1.6503891907769128,84000046.0,USA,7.438120224855e-06,,2021-02-05,,,108813,131.0,1788,10.0
South Dakota,US,2021-02-07 05:30:57,44.2998,-99.4388,109132,1804,104956.0,2372.0,46.0,12336.052648534633,659546.0,,1.6530440200857677,84000046.0,USA,7.455369809158105e-06,,2021-02-06,,,108944,188.0,1798,6.0
South Dakota,US,2021-02-08 05:30:33,44.2998,-99.4388,109229,1809,105104.0,2316.0,46.0,12347.0173253197,660930.0,,1.6561535855862457,84000046.0,USA,7.471014255210199e-06,,2021-02-07,,,109132,97.0,1804,5.0
South Dakota,US,2021-02-09 05:30:43,44.2998,-99.4388,109283,1809,105166.0,2308.0,46.0,12353.121372189737,661963.0,,1.6553352305482096,84000046.0,USA,7.48269107079677e-06,,2021-02-08,,,109229,54.0,1809,0.0
South Dakota,US,2021-02-10 05:30:29,44.2998,-99.4388,109405,1809,105352.0,2244.0,46.0,12366.91199659982,662596.0,,1.653489328641287,84000046.0,USA,7.489846370183313e-06,,2021-02-09,,,109283,122.0,1809,0.0
South Dakota,US,2021-02-11 05:30:49,44.2998,-99.4388,109580,1815,105614.0,2151.0,46.0,12386.69362997494,664127.0,,1.6563241467421062,84000046.0,USA,7.507152473438918e-06,,2021-02-10,,,109405,175.0,1809,6.0
South Dakota,US,2021-02-12 05:30:51,44.2998,-99.4388,109859,1829,105821.0,2209.0,46.0,12418.23120547013,667167.0,,1.6648613222403263,84000046.0,USA,7.541515996559126e-06,,2021-02-11,,,109580,279.0,1815,14.0
South Dakota,US,2021-02-13 05:30:30,44.2998,-99.4388,110068,1831,106057.0,2180.0,46.0,12441.856127615274,669812.0,,1.6635170985209145,84000046.0,USA,7.571414522431807e-06,,2021-02-12,,,109859,209.0,1829,2.0
South Dakota,US,2021-02-14 05:30:42,44.2998,-99.4388,110205,1838,106248.0,2119.0,46.0,12457.342320600366,671475.0,,1.667800916473844,84000046.0,USA,7.590212726033421e-06,,2021-02-13,,,110068,137.0,1831,7.0
South Dakota,US,2021-02-15 05:31:10,44.2998,-99.4388,110315,1844,106398.0,2073.0,46.0,12469.776490150442,672958.0,,1.6715768481167566,84000046.0,USA,7.606976247345023e-06,,2021-02-14,,,110205,110.0,1838,6.0
South Dakota,US,2021-02-16 05:31:00,44.2998,-99.4388,110376,1844,106440.0,2092.0,46.0,12476.671802355484,673876.0,,1.6706530405160542,84000046.0,USA,7.617353127024085e-06,,2021-02-15,,,110315,61.0,1844,0.0
South Dakota,US,2021-02-17 05:30:30,44.2998,-99.4388,110593,1844,106545.0,2204.0,46.0,12501.201027740632,674483.0,,1.6673749694826978,84000046.0,USA,7.624214527857627e-06,,2021-02-16,,,110376,217.0,1844,0.0
South Dakota,US,2021-02-18 05:30:52,44.2998,-99.4388,110685,1844,106769.0,2072.0,46.0,12511.600515000697,675610.0,,1.6659890680760718,84000046.0,USA,7.636953899751204e-06,,2021-02-17,,,110593,92.0,1844,0.0
South Dakota,US,2021-02-19 05:31:04,44.2998,-99.4388,110871,1847,106956.0,2068.0,46.0,12532.625565330822,677153.0,,1.6659000099214405,84000046.0,USA,7.654395648492809e-06,,2021-02-18,,,110685,186.0,1844,3.0
South Dakota,US,2021-02-20 05:30:30,44.2998,-99.4388,111018,1853,107137.0,2028.0,46.0,12549.242137365924,678808.0,,1.669098704714551,84000046.0,USA,7.673103421770423e-06,,2021-02-19,,,110871,147.0,1847,6.0
South Dakota,US,2021-02-21 05:30:53,44.2998,-99.4388,111165,1859,107309.0,1997.0,46.0,12565.858709401024,680703.0,,1.6722889398641658,84000046.0,USA,7.694524104768051e-06,,2021-02-20,,,111018,147.0,1853,6.0
South Dakota,US,2021-02-22 05:30:43,44.2998,-99.4388,111304,1863,107475.0,1966.0,46.0,12581.570978196118,682181.0,,1.673794293107166,84000046.0,USA,7.711231107127153e-06,,2021-02-21,,,111165,139.0,1859,4.0
South Dakota,US,2021-02-23 05:30:53,44.2998,-99.4388,111334,1863,107538.0,1933.0,46.0,12584.96211534614,682648.0,,1.6733432733935725,84000046.0,USA,7.716509977290685e-06,,2021-02-22,,,111304,30.0,1863,0.0
South Dakota,US,2021-02-24 05:31:21,44.2998,-99.4388,111546,1863,107745.0,1938.0,46.0,12608.926151206284,682960.0,,1.6701629820881072,84000046.0,USA,7.720036759926706e-06,,2021-02-23,,,111334,212.0,1863,0.0
South Dakota,US,2021-02-25 05:31:00,44.2998,-99.4388,111808,1864,108053.0,1891.0,46.0,12638.542082316464,685063.0,,1.6671436748712078,84000046.0,USA,7.743808631348349e-06,,2021-02-24,,,111546,262.0,1863,1.0
South Dakota,US,2021-02-26 05:30:48,44.2998,-99.4388,111964,1872,108144.0,1948.0,46.0,12656.17599549657,686758.0,,1.6719659890679146,84000046.0,USA,7.762968556245966e-06,,2021-02-25,,,111808,156.0,1864,8.0
South Dakota,US,2021-02-27 05:30:48,44.2998,-99.4388,112107,1879,108284.0,1944.0,46.0,12672.340415911667,688675.0,,1.6760773189898936,84000046.0,USA,7.784637922634598e-06,,2021-02-26,,,111964,143.0,1872,7.0
South Dakota,US,2021-02-28 05:30:29,44.2998,-99.4388,112293,1886,108497.0,1910.0,46.0,12693.365466241796,690339.0,,1.679534788455202,84000046.0,USA,7.80344743002671e-06,,2021-02-27,,,112107,186.0,1879,7.0
South Dakota,US,2021-03-01 05:30:39,44.2998,-99.4388,112427,1888,108606.0,1933.0,46.0,12708.512545511889,691692.0,,1.6793119090609907,84000046.0,USA,7.818741458573303e-06,,2021-02-28,,,112293,134.0,1886,2.0
