Province_State,Country_Region,Last_Update,Lat,Long_,Confirmed,Deaths,Recovered,Active,FIPS,Incident_Rate,Total_Test_Results,People_Hospitalized,Case_Fatality_Ratio,UID,ISO3,Testing_Rate,Hospitalization_Rate,Date,People_Tested,Mortality_Rate,prevValue_Confirmed,diff_Confirmed,prevValue_Deaths,diff_Deaths
Montana,US,2021-01-02 05:30:44,46.9219,-110.4544,81555,961,74991.0,5603.0,30.0,7630.677278162537,791589.0,,1.178345901538839,84000030.0,USA,74064.86660466439,,2021-01-01,,,,0.0,,0.0
Montana,US,2021-01-03 05:30:33,46.9219,-110.4544,81944,971,75974.0,4999.0,30.0,7667.073985430089,792779.0,,1.1849555794200917,84000030.0,USA,74176.20871687104,,2021-01-02,,,81555,389.0,961,10.0
Montana,US,2021-01-04 05:30:45,46.9219,-110.4544,82381,972,76501.0,4908.0,30.0,7707.961803105977,795796.0,,1.179883711049878,84000030.0,USA,74458.49371899497,,2021-01-03,,,81944,437.0,971,1.0
Montana,US,2021-01-05 05:30:33,46.9219,-110.4544,82664,975,76633.0,5056.0,30.0,7734.440641555122,810880.0,,1.1794735314042388,84000030.0,USA,75869.82516481439,,2021-01-04,,,82381,283.0,972,3.0
Montana,US,2021-01-06 05:30:39,46.9219,-110.4544,83378,1005,77449.0,4924.0,30.0,7801.245908879112,813082.0,,1.205353930293363,84000030.0,USA,76075.85485479678,,2021-01-05,,,82664,714.0,975,30.0
Montana,US,2021-01-07 05:30:38,46.9219,-110.4544,84060,1015,78114.0,4931.0,30.0,7865.057102597546,817142.0,,1.2074708541517964,84000030.0,USA,76455.72794350183,,2021-01-06,,,83378,682.0,1005,10.0
Montana,US,2021-01-08 05:30:47,46.9219,-110.4544,84750,1038,78796.0,4916.0,30.0,7929.616814717368,823279.0,,1.224778761061947,84000030.0,USA,77029.93512216756,,2021-01-07,,,84060,690.0,1015,23.0
Montana,US,2021-01-09 05:30:45,46.9219,-110.4544,85568,1049,79114.0,5405.0,30.0,8006.152821259419,831887.0,,1.225925579655946,84000030.0,USA,77835.34092206239,,2021-01-08,,,84750,818.0,1038,11.0
Montana,US,2021-01-10 05:30:28,46.9219,-110.4544,86102,1054,79906.0,5142.0,30.0,8056.116424552152,837136.0,,1.2241295208009106,84000030.0,USA,78326.46255817391,,2021-01-09,,,85568,534.0,1049,5.0
Montana,US,2021-01-11 05:30:40,46.9219,-110.4544,86324,1056,80237.0,5031.0,30.0,8076.887810190704,842250.0,,1.223298271627821,84000030.0,USA,78804.952946262,,2021-01-10,,,86102,222.0,1054,2.0
Montana,US,2021-01-12 05:30:28,46.9219,-110.4544,86653,1057,80674.0,4922.0,30.0,8107.670629447836,845439.0,,1.219807738912675,84000030.0,USA,79103.33109401578,,2021-01-11,,,86324,329.0,1056,1.0
Montana,US,2021-01-13 05:30:34,46.9219,-110.4544,87077,1067,81183.0,4827.0,30.0,8147.342104721467,851594.0,,1.225352274423786,84000030.0,USA,79679.22243908464,,2021-01-12,,,86653,424.0,1057,10.0
Montana,US,2021-01-14 05:30:28,46.9219,-110.4544,87653,1069,81676.0,4908.0,30.0,8201.235429621493,855069.0,,1.219581759894128,84000030.0,USA,80004.36011968809,,2021-01-13,,,87077,576.0,1067,2.0
Montana,US,2021-01-15 05:30:28,46.9219,-110.4544,88110,1077,82190.0,4843.0,30.0,8243.994543300854,862427.0,,1.222335716717739,84000030.0,USA,80692.80991936586,,2021-01-14,,,87653,457.0,1069,8.0
Montana,US,2021-01-16 05:30:49,46.9219,-110.4544,88635,1086,82460.0,5089.0,30.0,8293.116063392023,869564.0,,1.2252496192249112,84000030.0,USA,81360.58189820524,,2021-01-15,,,88110,525.0,1077,9.0
Montana,US,2021-01-17 05:30:35,46.9219,-110.4544,89056,1088,82920.0,5048.0,30.0,8332.506844265132,874943.0,,1.221703197987783,84000030.0,USA,81863.86695833933,,2021-01-16,,,88635,421.0,1086,2.0
Montana,US,2021-01-18 05:30:33,46.9219,-110.4544,89393,1092,83154.0,5147.0,30.0,8364.038181923655,879728.0,,1.221572158893873,84000030.0,USA,82311.57452717029,,2021-01-17,,,89056,337.0,1088,4.0
Montana,US,2021-01-19 05:30:28,46.9219,-110.4544,89576,1093,83527.0,4956.0,30.0,8381.160540355433,881412.0,,1.220192908814861,84000030.0,USA,82469.13765066271,,2021-01-18,,,89393,183.0,1092,1.0
Montana,US,2021-01-20 05:30:46,46.9219,-110.4544,89864,1093,83825.0,4946.0,30.0,8408.107202805448,883672.0,,1.216282382266536,84000030.0,USA,82680.59409905518,,2021-01-19,,,89576,288.0,1093,0.0
Montana,US,2021-01-21 05:30:34,46.9219,-110.4544,90255,1094,84255.0,4906.0,30.0,8444.691039673347,887884.0,,1.2121212121212122,84000030.0,USA,83074.68903738662,,2021-01-20,,,89864,391.0,1093,1.0
Montana,US,2021-01-22 05:30:39,46.9219,-110.4544,90649,1100,84708.0,4841.0,30.0,8481.555570941768,892770.0,,1.213471742655738,84000030.0,USA,83531.8466510351,,2021-01-21,,,90255,394.0,1094,6.0
Montana,US,2021-01-23 05:30:27,46.9219,-110.4544,91049,1104,85095.0,4850.0,30.0,8518.981491011229,899769.0,,1.2125339103120298,84000030.0,USA,84186.70668745053,,2021-01-22,,,90649,400.0,1100,4.0
Montana,US,2021-01-24 05:30:28,46.9219,-110.4544,91410,1141,85686.0,4583.0,30.0,8552.75838387392,906753.0,,1.2482222951537032,84000030.0,USA,84840.16325186334,,2021-01-23,,,91049,361.0,1104,37.0
Montana,US,2021-01-25 05:30:45,46.9219,-110.4544,91652,1151,85881.0,4620.0,30.0,8575.401065515944,911686.0,,1.2558372976039802,84000030.0,USA,85301.71841111999,,2021-01-24,,,91410,242.0,1141,10.0
Montana,US,2021-01-26 05:30:28,46.9219,-110.4544,91816,1151,86274.0,4391.0,30.0,8590.745692744424,920116.0,,1.253594144811362,84000030.0,USA,86090.46967658392,,2021-01-25,,,91652,164.0,1151,0.0
Montana,US,2021-01-27 05:30:51,46.9219,-110.4544,92160,1185,86733.0,4242.0,30.0,8622.931984004163,922956.0,,1.2858072916666667,84000030.0,USA,86356.1937090771,,2021-01-26,,,91816,344.0,1151,34.0
Montana,US,2021-01-28 05:30:28,46.9219,-110.4544,92531,1201,87018.0,4312.0,30.0,8657.644524868589,927981.0,,1.2979433919443213,84000030.0,USA,86826.35682994971,,2021-01-27,,,92160,371.0,1185,16.0
Montana,US,2021-01-29 05:30:28,46.9219,-110.4544,92934,1210,87720.0,4004.0,30.0,8695.351139338572,936928.0,,1.3019992682979318,84000030.0,USA,87663.48109710342,,2021-01-28,,,92531,403.0,1201,9.0
Montana,US,2021-01-30 05:30:40,46.9219,-110.4544,93246,1227,88291.0,3728.0,30.0,8724.543356992752,942390.0,,1.3158741393732707,84000030.0,USA,88174.53203565194,,2021-01-29,,,92934,312.0,1210,17.0
Montana,US,2021-01-31 05:30:41,46.9219,-110.4544,93762,1232,88822.0,3708.0,30.0,8772.822793882358,950743.0,,1.3139651457946715,84000030.0,USA,88956.07881150248,,2021-01-30,,,93246,516.0,1227,5.0
Montana,US,2021-02-01 05:30:44,46.9219,-110.4544,93949,1233,89073.0,3643.0,30.0,8790.319411514833,954249.0,,1.3124141821626627,84000030.0,USA,89284.11700091133,,2021-01-31,,,93762,187.0,1232,1.0
Montana,US,2021-02-02 05:30:40,46.9219,-110.4544,94070,1234,89218.0,3618.0,30.0,8801.640752335845,956718.0,,1.3117890932284468,84000030.0,USA,89515.12849254007,,2021-02-01,,,93949,121.0,1233,1.0
Montana,US,2021-02-03 05:30:38,46.9219,-110.4544,94384,1249,89542.0,3593.0,30.0,8831.020099590372,960130.0,,1.3233175114426174,84000030.0,USA,89834.3715907326,,2021-02-02,,,94070,314.0,1234,15.0
Montana,US,2021-02-04 05:30:42,46.9219,-110.4544,94810,1303,90086.0,3421.0,30.0,8870.87870446435,968115.0,,1.3743276025735682,84000030.0,USA,90581.48652011924,,2021-02-03,,,94384,426.0,1249,54.0
Montana,US,2021-02-05 05:30:47,46.9219,-110.4544,95111,1308,90402.0,3401.0,30.0,8899.041709316622,974723.0,,1.3752352514430508,84000030.0,USA,91199.76271966676,,2021-02-04,,,94810,301.0,1303,5.0
Montana,US,2021-02-06 05:30:40,46.9219,-110.4544,95458,1307,90654.0,3497.0,30.0,8931.50869497688,981178.0,,1.3691885436527058,84000030.0,USA,91803.72350478772,,2021-02-05,,,95111,347.0,1308,-1.0
Montana,US,2021-02-07 05:30:57,46.9219,-110.4544,95717,1312,91060.0,3345.0,30.0,8955.741978221857,986635.0,,1.3707073978499118,84000030.0,USA,92314.30661933534,,2021-02-06,,,95458,259.0,1307,5.0
Montana,US,2021-02-08 05:30:33,46.9219,-110.4544,95790,1314,91162.0,3314.0,30.0,8962.572208634534,988597.0,,1.371750704666458,84000030.0,USA,92497.88075727606,,2021-02-07,,,95717,73.0,1312,2.0
Montana,US,2021-02-09 05:30:43,46.9219,-110.4544,95914,1314,91380.0,3220.0,30.0,8974.174243856067,992938.0,,1.3699772713055445,84000030.0,USA,92904.0455548299,,2021-02-08,,,95790,124.0,1314,0.0
Montana,US,2021-02-10 05:30:29,46.9219,-110.4544,96288,1315,91784.0,3189.0,30.0,9009.167479121015,997279.0,,1.365694582917913,84000030.0,USA,93310.21035238374,,2021-02-09,,,95914,374.0,1314,1.0
Montana,US,2021-02-11 05:30:49,46.9219,-110.4544,96595,1320,92248.0,3027.0,30.0,9037.891872774328,1001074.0,,1.3665303587142192,84000030.0,USA,93665.28876904276,,2021-02-10,,,96288,307.0,1315,5.0
Montana,US,2021-02-12 05:30:51,46.9219,-110.4544,96842,1320,92497.0,3025.0,30.0,9061.00237841722,1007629.0,,1.363044959831478,84000030.0,USA,94278.6060341811,,2021-02-11,,,96595,247.0,1320,0.0
Montana,US,2021-02-13 05:30:30,46.9219,-110.4544,97063,1324,92822.0,2917.0,30.0,9081.6801992556,1012245.0,,1.3640625160977922,84000030.0,USA,94710.5011517827,,2021-02-12,,,96842,221.0,1320,4.0
Montana,US,2021-02-14 05:30:42,46.9219,-110.4544,97297,1327,93148.0,2822.0,30.0,9103.574362496234,1017979.0,,1.3638652784772398,84000030.0,USA,95247.00171597843,,2021-02-13,,,97063,234.0,1324,3.0
Montana,US,2021-02-15 05:31:10,46.9219,-110.4544,97401,1327,93328.0,2746.0,30.0,9113.305101714292,1021061.0,,1.3624090101744335,84000030.0,USA,95535.36843011364,,2021-02-14,,,97297,104.0,1327,0.0
Montana,US,2021-02-16 05:31:00,46.9219,-110.4544,97539,1328,93476.0,2735.0,30.0,9126.21704413826,1023984.0,,1.3615066793795303,84000030.0,USA,95808.85834102124,,2021-02-15,,,97401,138.0,1327,1.0
Montana,US,2021-02-17 05:30:30,46.9219,-110.4544,97666,1331,93669.0,2666.0,30.0,9138.099773760314,1025367.0,,1.3628079372555444,84000030.0,USA,95938.2584596614,,2021-02-16,,,97539,127.0,1328,3.0
Montana,US,2021-02-18 05:30:52,46.9219,-110.4544,97900,1334,94034.0,2532.0,30.0,9159.993937000949,1029320.0,,1.362614913176711,84000030.0,USA,96308.12011474789,,2021-02-17,,,97666,234.0,1331,3.0
Montana,US,2021-02-19 05:31:04,46.9219,-110.4544,98100,1337,94201.0,2562.0,30.0,9178.70689703568,1035440.0,,1.36289500509684,84000030.0,USA,96880.73669181064,,2021-02-18,,,97900,200.0,1334,3.0
Montana,US,2021-02-20 05:30:30,46.9219,-110.4544,98377,1339,94613.0,2425.0,30.0,9204.624346683782,1040344.0,,1.3610904987954502,84000030.0,USA,97339.57847186226,,2021-02-19,,,98100,277.0,1337,2.0
Montana,US,2021-02-21 05:30:53,46.9219,-110.4544,98641,1341,94874.0,2426.0,30.0,9229.325453929629,1045673.0,,1.359475268904411,84000030.0,USA,97838.18529198768,,2021-02-20,,,98377,264.0,1339,2.0
Montana,US,2021-02-22 05:30:43,46.9219,-110.4544,98779,1342,95211.0,2226.0,30.0,9242.237396353592,1048901.0,,1.358588363923506,84000030.0,USA,98140.21246694824,,2021-02-21,,,98641,138.0,1341,1.0
Montana,US,2021-02-23 05:30:53,46.9219,-110.4544,98810,1341,95299.0,2170.0,30.0,9245.137905158976,1050392.0,,1.3571500860236818,84000030.0,USA,98279.71758400716,,2021-02-22,,,98779,31.0,1342,-1.0
Montana,US,2021-02-24 05:31:21,46.9219,-110.4544,99040,1346,95772.0,1922.0,30.0,9266.657809198918,1052733.0,,1.3590468497576738,84000030.0,USA,98498.75278121368,,2021-02-23,,,98810,230.0,1341,5.0
Montana,US,2021-02-25 05:31:00,46.9219,-110.4544,99242,1348,96040.0,1854.0,30.0,9285.557898833997,1056170.0,,1.35829588279156,84000030.0,USA,98820.33499941054,,2021-02-24,,,99040,202.0,1346,2.0
Montana,US,2021-02-26 05:30:48,46.9219,-110.4544,99445,1350,96178.0,1917.0,30.0,9304.551553269248,1063419.0,,1.3575343154507518,84000030.0,USA,99498.58623586938,,2021-02-25,,,99242,203.0,1348,2.0
Montana,US,2021-02-27 05:30:48,46.9219,-110.4544,99613,1354,96362.0,1897.0,30.0,9320.270439698425,1069964.0,,1.3592603375061487,84000030.0,USA,100110.96785300596,,2021-02-26,,,99445,168.0,1350,4.0
Montana,US,2021-02-28 05:30:29,46.9219,-110.4544,99837,1356,96724.0,1757.0,30.0,9341.228954937322,1074437.0,,1.3582138886384807,84000030.0,USA,100529.48320418272,,2021-02-27,,,99613,224.0,1354,2.0
Montana,US,2021-03-01 05:30:39,46.9219,-110.4544,99954,1357,96982.0,1615.0,30.0,9352.17603655764,1077988.0,,1.3576245072733455,84000030.0,USA,100861.73180959935,,2021-02-28,,,99837,117.0,1356,1.0
