Province_State,Country_Region,Last_Update,Lat,Long_,Confirmed,Deaths,Recovered,Active,FIPS,Incident_Rate,Total_Test_Results,People_Hospitalized,Case_Fatality_Ratio,UID,ISO3,Testing_Rate,Hospitalization_Rate,Date,People_Tested,Mortality_Rate,prevValue_Confirmed,diff_Confirmed,prevValue_Deaths,diff_Deaths
Massachusetts,US,2021-01-02 05:30:44,42.2302,-71.5301,375178,10522,261672.0,101083.0,25.0,5443.276557152025,10944699.0,,3.3112282703143574,84000025.0,USA,1.587913563476142e-05,,2021-01-01,,,,0.0,,0.0
Massachusetts,US,2021-01-03 05:30:33,42.2302,-71.5301,384181,10589,261672.0,110007.0,25.0,5573.896739689486,11412463.0,,3.254195288158446,84000025.0,USA,1.6557791850072462e-05,,2021-01-02,,,375178,9003.0,10522,67.0
Massachusetts,US,2021-01-04 05:30:45,42.2302,-71.5301,387662,10683,261672.0,113380.0,25.0,5624.400888907847,11461220.0,,3.252833654059464,84000025.0,USA,1.6628531028568287e-05,,2021-01-03,,,384181,3481.0,10589,94.0
Massachusetts,US,2021-01-05 05:30:33,42.2302,-71.5301,392568,10739,261672.0,118225.0,25.0,5695.579675482187,11521059.0,,3.2277210572435857,84000025.0,USA,1.6715348546094213e-05,,2021-01-04,,,387662,4906.0,10683,56.0
Massachusetts,US,2021-01-06 05:30:39,42.2302,-71.5301,397202,10791,261672.0,122796.0,25.0,5762.812145312088,11585315.0,,3.205925448512344,84000025.0,USA,1.680857447577462e-05,,2021-01-05,,,392568,4634.0,10739,52.0
Massachusetts,US,2021-01-07 05:30:38,42.2302,-71.5301,404053,10877,261672.0,129545.0,25.0,5862.209998312659,11692212.0,,3.176810962918231,84000025.0,USA,1.696366617468284e-05,,2021-01-06,,,397202,6851.0,10791,86.0
Massachusetts,US,2021-01-08 05:30:47,42.2302,-71.5301,411601,10937,293522.0,105170.0,25.0,5971.7202879708575,11804630.0,,3.1362897563417,84000025.0,USA,1.7126768026071226e-05,,2021-01-07,,,404053,7548.0,10877,60.0
Massachusetts,US,2021-01-09 05:30:45,42.2302,-71.5301,419721,11002,293522.0,113214.0,25.0,6089.529449606333,11918203.0,,3.0937217818503244,84000025.0,USA,1.7291545611224252e-05,,2021-01-08,,,411601,8120.0,10937,65.0
Massachusetts,US,2021-01-10 05:30:28,42.2302,-71.5301,427135,11071,293522.0,120539.0,25.0,6197.095597927198,12031676.0,,3.06085897901132,84000025.0,USA,1.7456178111202853e-05,,2021-01-09,,,419721,7414.0,11002,69.0
Massachusetts,US,2021-01-11 05:30:40,42.2302,-71.5301,432791,11132,293522.0,126118.0,25.0,6279.155772583632,12116973.0,,3.0386491401161297,84000025.0,USA,1.7579931412434642e-05,,2021-01-10,,,427135,5656.0,11071,61.0
Massachusetts,US,2021-01-12 05:30:28,42.2302,-71.5301,437042,11183,293522.0,130314.0,25.0,6340.831480232943,12175761.0,,3.0216775504413764,84000025.0,USA,1.766522408477733e-05,,2021-01-11,,,432791,4251.0,11132,51.0
Massachusetts,US,2021-01-13 05:30:34,42.2302,-71.5301,442529,11230,293522.0,135734.0,25.0,6420.439715441546,12250951.0,,2.999351454932897,84000025.0,USA,1.7774313627429687e-05,,2021-01-12,,,437042,5487.0,11183,47.0
Massachusetts,US,2021-01-14 05:30:28,42.2302,-71.5301,448447,11310,293522.0,141566.0,25.0,6506.301121667992,12356695.0,,2.9789473449482324,84000025.0,USA,1.7927732494276754e-05,,2021-01-13,,,442529,5918.0,11230,80.0
Massachusetts,US,2021-01-15 05:30:28,42.2302,-71.5301,454402,11368,324203.0,116766.0,25.0,6592.6993430398215,12462047.0,,2.956192974502753,84000025.0,USA,1.808058262724006e-05,,2021-01-14,,,448447,5955.0,11310,58.0
Massachusetts,US,2021-01-16 05:30:49,42.2302,-71.5301,459927,11440,324203.0,122215.0,25.0,6672.8589019112505,12569236.0,,2.937205252137839,84000025.0,USA,1.823609797485761e-05,,2021-01-15,,,454402,5525.0,11368,72.0
Massachusetts,US,2021-01-17 05:30:35,42.2302,-71.5301,465726,11495,324203.0,127940.0,25.0,6756.993794562005,12684808.0,,2.9165217316619643,84000025.0,USA,1.840377581264745e-05,,2021-01-16,,,459927,5799.0,11440,55.0
Massachusetts,US,2021-01-18 05:30:33,42.2302,-71.5301,470140,11560,324203.0,132285.0,25.0,6821.0343905544905,12775778.0,,2.9038158846301103,84000025.0,USA,1.853575979582453e-05,,2021-01-17,,,465726,4414.0,11495,65.0
Massachusetts,US,2021-01-19 05:30:28,42.2302,-71.5301,473441,11609,324203.0,135533.0,25.0,6868.927006633149,12826639.0,,2.894764078311764,84000025.0,USA,1.8609551566390323e-05,,2021-01-18,,,470140,3301.0,11560,49.0
Massachusetts,US,2021-01-20 05:30:46,42.2302,-71.5301,476526,11645,324203.0,138574.0,25.0,6913.685782944164,12887087.0,,2.885257047884061,84000025.0,USA,1.8697252652628515e-05,,2021-01-19,,,473441,3085.0,11609,36.0
Massachusetts,US,2021-01-21 05:30:34,42.2302,-71.5301,481040,11713,324203.0,143008.0,25.0,6979.17723068093,12974314.0,,2.874812905371695,84000025.0,USA,1.882380609772676e-05,,2021-01-20,,,476526,4514.0,11645,68.0
Massachusetts,US,2021-01-22 05:30:39,42.2302,-71.5301,486180,11771,324203.0,148071.0,25.0,7053.751010336883,13090613.0,,2.8602575177917644,84000025.0,USA,1.899253870473469e-05,,2021-01-21,,,481040,5140.0,11713,58.0
Massachusetts,US,2021-01-23 05:30:27,42.2302,-71.5301,491452,11850,354388.0,123077.0,25.0,7130.239914295285,13200087.0,,2.8460561763915906,84000025.0,USA,1.915136924858792e-05,,2021-01-22,,,486180,5272.0,11771,79.0
Massachusetts,US,2021-01-24 05:30:28,42.2302,-71.5301,496093,11905,354388.0,127641.0,25.0,7197.573943747286,13316643.0,,2.834952317408228,84000025.0,USA,1.932047472449413e-05,,2021-01-23,,,491452,4641.0,11850,55.0
Massachusetts,US,2021-01-25 05:30:45,42.2302,-71.5301,500037,11958,354388.0,131516.0,25.0,7254.79553654166,13421111.0,,2.826390847077316,84000025.0,USA,1.947204230451549e-05,,2021-01-24,,,496093,3944.0,11905,53.0
Massachusetts,US,2021-01-26 05:30:28,42.2302,-71.5301,503688,11996,354388.0,135122.0,25.0,7307.766133725296,13501650.0,,2.814837756706533,84000025.0,USA,1.958889245314801e-05,,2021-01-25,,,500037,3651.0,11958,38.0
Massachusetts,US,2021-01-27 05:30:51,42.2302,-71.5301,506183,12027,354388.0,137575.0,25.0,7343.964884745063,13554418.0,,2.809260682401424,84000025.0,USA,1.9665450997990136e-05,,2021-01-26,,,503688,2495.0,11996,31.0
Massachusetts,US,2021-01-28 05:30:28,42.2302,-71.5301,509503,12095,354388.0,140811.0,25.0,7392.133162655135,13654363.0,,2.807441761873826,84000025.0,USA,1.9810456375572128e-05,,2021-01-27,,,506183,3320.0,12027,68.0
Massachusetts,US,2021-01-29 05:30:28,42.2302,-71.5301,514134,12116,389717.0,110069.0,25.0,7459.322106932706,13776236.0,,2.790712148972836,84000025.0,USA,1.998727603020268e-05,,2021-01-28,,,509503,4631.0,12095,21.0
Massachusetts,US,2021-01-30 05:30:40,42.2302,-71.5301,517252,12190,389717.0,113091.0,25.0,7504.559664319334,13866273.0,,2.792449328373791,84000025.0,USA,2.0117906368702345e-05,,2021-01-29,,,514134,3118.0,12116,74.0
Massachusetts,US,2021-01-31 05:30:41,42.2302,-71.5301,521360,12246,389717.0,117112.0,25.0,7564.160653974325,14012041.0,,2.7871336504526623,84000025.0,USA,2.032939412576244e-05,,2021-01-30,,,517252,4108.0,12190,56.0
Massachusetts,US,2021-02-01 05:30:44,42.2302,-71.5301,524025,12278,389717.0,119731.0,25.0,7602.825852959368,14108266.0,,2.7817375125232573,84000025.0,USA,2.046900233485571e-05,,2021-01-31,,,521360,2665.0,12246,32.0
Massachusetts,US,2021-02-02 05:30:40,42.2302,-71.5301,526423,12300,389717.0,122099.0,25.0,7637.617277787184,14198176.0,,2.774764780414229,84000025.0,USA,2.059944841518386e-05,,2021-02-01,,,524025,2398.0,12278,22.0
Massachusetts,US,2021-02-03 05:30:38,42.2302,-71.5301,528662,12334,389717.0,124293.0,25.0,7670.101848341596,14263457.0,,2.771525095429594,84000025.0,USA,2.0694161467902155e-05,,2021-02-02,,,526423,2239.0,12300,34.0
Massachusetts,US,2021-02-04 05:30:42,42.2302,-71.5301,531117,12359,389717.0,126692.0,25.0,7705.720258663652,14358721.0,,2.7692579977669705,84000025.0,USA,2.0832375408469173e-05,,2021-02-03,,,528662,2455.0,12334,25.0
Massachusetts,US,2021-02-05 05:30:47,42.2302,-71.5301,533921,12453,425717.0,93420.0,25.0,7746.402141573242,14443017.0,,2.768948964359896,84000025.0,USA,2.095467640710493e-05,,2021-02-04,,,531117,2804.0,12359,94.0
Massachusetts,US,2021-02-06 05:30:40,42.2302,-71.5301,537208,12526,425717.0,96632.0,25.0,7794.091638407702,14574851.0,,2.765967744337389,84000025.0,USA,2.114594799596025e-05,,2021-02-05,,,533921,3287.0,12453,73.0
Massachusetts,US,2021-02-07 05:30:57,42.2302,-71.5301,540827,12583,425717.0,100189.0,25.0,7846.597963033168,14708745.0,,2.758922908804479,84000025.0,USA,2.1340208339408773e-05,,2021-02-06,,,537208,3619.0,12526,57.0
Massachusetts,US,2021-02-08 05:30:33,42.2302,-71.5301,543934,12649,425717.0,103218.0,25.0,7891.675926727925,14823480.0,,2.757503667724393,84000025.0,USA,2.150667181428865e-05,,2021-02-07,,,540827,3107.0,12583,66.0
Massachusetts,US,2021-02-09 05:30:43,42.2302,-71.5301,545303,12694,425717.0,104532.0,25.0,7911.5380871071075,14868628.0,,2.7606670053163103,84000025.0,USA,2.1572174868839376e-05,,2021-02-08,,,543934,1369.0,12649,45.0
Massachusetts,US,2021-02-10 05:30:29,42.2302,-71.5301,546896,12734,425717.0,106055.0,25.0,7934.650155393476,14924326.0,,2.765425236242357,84000025.0,USA,2.165298440929224e-05,,2021-02-09,,,545303,1593.0,12694,40.0
Massachusetts,US,2021-02-11 05:30:49,42.2302,-71.5301,548946,12804,425717.0,108022.0,25.0,7964.392616151201,15027785.0,,2.770217835634106,84000025.0,USA,2.180308807990363e-05,,2021-02-10,,,546896,2050.0,12734,70.0
Massachusetts,US,2021-02-12 05:30:51,42.2302,-71.5301,551396,12840,453740.0,82387.0,25.0,7999.938483886042,15141511.0,,2.7691532038680005,84000025.0,USA,2.196808764537353e-05,,2021-02-11,,,548946,2450.0,12804,36.0
Massachusetts,US,2021-02-13 05:30:30,42.2302,-71.5301,553812,12887,453740.0,84714.0,25.0,8034.99106202783,15250667.0,,2.7731432327215733,84000025.0,USA,2.212645681837208e-05,,2021-02-12,,,551396,2416.0,12840,47.0
Massachusetts,US,2021-02-14 05:30:42,42.2302,-71.5301,555895,12926,453740.0,86731.0,25.0,8065.212303861166,15353805.0,,2.774624704305669,84000025.0,USA,2.227609476557355e-05,,2021-02-13,,,553812,2083.0,12887,39.0
Massachusetts,US,2021-02-15 05:31:10,42.2302,-71.5301,557777,12963,453740.0,88553.0,25.0,8092.517333688502,15467316.0,,2.776019807198934,84000025.0,USA,2.2440782397918434e-05,,2021-02-14,,,555895,1882.0,12926,37.0
Massachusetts,US,2021-02-16 05:31:00,42.2302,-71.5301,559350,12985,453740.0,90093.0,25.0,8115.339231626014,15531731.0,,2.77411280951104,84000025.0,USA,2.253423901302618e-05,,2021-02-15,,,557777,1573.0,12963,22.0
Massachusetts,US,2021-02-17 05:30:30,42.2302,-71.5301,560576,13023,453740.0,91269.0,25.0,8133.126674010879,15581899.0,,2.7769651215892224,84000025.0,USA,2.2607025343333184e-05,,2021-02-16,,,559350,1226.0,12985,38.0
Massachusetts,US,2021-02-18 05:30:52,42.2302,-71.5301,561936,13055,453740.0,92573.0,25.0,8152.858257733076,15668066.0,,2.7802098459611058,84000025.0,USA,2.273204088558249e-05,,2021-02-17,,,560576,1360.0,13023,32.0
Massachusetts,US,2021-02-19 05:31:04,42.2302,-71.5301,563976,13092,477796.0,70494.0,25.0,8182.455633316373,15771435.0,,2.781324027972821,84000025.0,USA,2.2882013979536897e-05,,2021-02-18,,,561936,2040.0,13055,37.0
Massachusetts,US,2021-02-20 05:30:30,42.2302,-71.5301,565794,13120,477796.0,72272.0,25.0,8208.83211802737,15880794.0,,2.779456834112769,84000025.0,USA,2.304067767543953e-05,,2021-02-19,,,563976,1818.0,13092,28.0
Massachusetts,US,2021-02-21 05:30:53,42.2302,-71.5301,567764,13148,477796.0,74189.0,25.0,8237.413897389672,15998148.0,,2.779147674033577,84000025.0,USA,2.321094093103768e-05,,2021-02-20,,,565794,1970.0,13120,28.0
Massachusetts,US,2021-02-22 05:30:43,42.2302,-71.5301,569284,13171,477796.0,75662.0,25.0,8259.466843902715,16089033.0,,2.77998327723948,84000025.0,USA,2.33428015918165e-05,,2021-02-21,,,567764,1520.0,13148,23.0
Massachusetts,US,2021-02-23 05:30:53,42.2302,-71.5301,570546,13192,477796.0,76897.0,25.0,8277.77659291552,16141093.0,,2.778566495952999,84000025.0,USA,2.341833293362368e-05,,2021-02-22,,,569284,1262.0,13171,21.0
Massachusetts,US,2021-02-24 05:31:21,42.2302,-71.5301,571783,13214,477796.0,78104.0,25.0,8295.723628992255,16206346.0,,2.777802068267157,84000025.0,USA,2.351300536249313e-05,,2021-02-23,,,570546,1237.0,13192,22.0
Massachusetts,US,2021-02-25 05:31:00,42.2302,-71.5301,573885,13243,477796.0,80144.0,25.0,8326.220532657004,16324773.0,,2.7784312187981914,84000025.0,USA,2.368482538201289e-05,,2021-02-24,,,571783,2102.0,13214,29.0
Massachusetts,US,2021-02-26 05:30:48,42.2302,-71.5301,575993,13266,494740.0,65275.0,25.0,8356.80448742641,16446149.0,,2.773992045042214,84000025.0,USA,2.386092396332653e-05,,2021-02-25,,,573885,2108.0,13243,23.0
Massachusetts,US,2021-02-27 05:30:48,42.2302,-71.5301,577980,13296,494740.0,67216.0,25.0,8385.63291158524,16552060.0,,2.772414270389979,84000025.0,USA,2.401458512241489e-05,,2021-02-26,,,575993,1987.0,13266,30.0
Massachusetts,US,2021-02-28 05:30:29,42.2302,-71.5301,579680,13324,494740.0,68873.0,25.0,8410.297391237988,16663346.0,,2.7717016284846814,84000025.0,USA,2.4176044609628752e-05,,2021-02-27,,,577980,1700.0,13296,28.0
Massachusetts,US,2021-03-01 05:30:39,42.2302,-71.5301,581148,13352,494740.0,70290.0,25.0,8431.595894844007,16767988.0,,2.77347594760715,84000025.0,USA,2.432786463785362e-05,,2021-02-28,,,579680,1468.0,13324,28.0
