Province_State,Country_Region,Last_Update,Lat,Long_,Confirmed,Deaths,Recovered,Active,FIPS,Incident_Rate,Total_Test_Results,People_Hospitalized,Case_Fatality_Ratio,UID,ISO3,Testing_Rate,Hospitalization_Rate,Date,People_Tested,Mortality_Rate,prevValue_Confirmed,diff_Confirmed,prevValue_Deaths,diff_Deaths
North Dakota,US,2021-01-02 05:30:44,47.5289,-99.784,92200,1316,89314.0,2140.0,38.0,12173.550183580865,1277930.0,,1.4185620351406705,84000038.0,USA,167693.70471169017,,2021-01-01,,,,0.0,,0.0
North Dakota,US,2021-01-03 05:30:33,47.5289,-99.784,92361,1317,89582.0,1992.0,38.0,12189.428156764148,1290077.0,,1.4177907439902682,84000038.0,USA,169287.66950720546,,2021-01-02,,,92200,161.0,1316,1.0
North Dakota,US,2021-01-04 05:30:45,47.5289,-99.784,92544,1317,89879.0,1845.0,38.0,12209.111594594666,1291452.0,,1.4155049924226957,84000038.0,USA,169468.10102065187,,2021-01-03,,,92361,183.0,1317,0.0
North Dakota,US,2021-01-05 05:30:33,47.5289,-99.784,92786,1319,90013.0,1908.0,38.0,12235.22495544982,1256505.0,,1.4146289146289146,84000038.0,USA,164882.25367489786,,2021-01-04,,,92544,242.0,1317,2.0
North Dakota,US,2021-01-06 05:30:39,47.5289,-99.784,93081,1336,90281.0,1877.0,38.0,12268.55557684283,1258364.0,,1.4289687038740453,84000038.0,USA,165126.19708107738,,2021-01-05,,,92786,295.0,1319,17.0
North Dakota,US,2021-01-07 05:30:38,47.5289,-99.784,93400,1341,90511.0,1980.0,38.0,12312.90892342093,1262673.0,,1.429149970159434,84000038.0,USA,165691.63663848874,,2021-01-06,,,93081,319.0,1336,5.0
North Dakota,US,2021-01-08 05:30:47,47.5289,-99.784,93669,1348,90726.0,2082.0,38.0,12355.425149134848,1268083.0,,1.431666595862186,84000038.0,USA,166401.55262957606,,2021-01-07,,,93400,269.0,1341,7.0
North Dakota,US,2021-01-09 05:30:45,47.5289,-99.784,93848,1359,90964.0,2115.0,38.0,12392.43001225622,1273911.0,,1.4390393697452295,84000038.0,USA,167166.31980075108,,2021-01-08,,,93669,179.0,1348,11.0
North Dakota,US,2021-01-10 05:30:28,47.5289,-99.784,93936,1360,91222.0,1976.0,38.0,12408.176762520634,1275907.0,,1.438270691004463,84000038.0,USA,167428.24074681586,,2021-01-09,,,93848,88.0,1359,1.0
North Dakota,US,2021-01-11 05:30:40,47.5289,-99.784,94057,1360,91465.0,1891.0,38.0,12428.909983702111,1278553.0,,1.4358714472739558,84000038.0,USA,167775.4565901462,,2021-01-10,,,93936,121.0,1360,0.0
North Dakota,US,2021-01-12 05:30:28,47.5289,-99.784,94303,1360,91597.0,1873.0,38.0,12443.869396453309,1280626.0,,1.4341453126647683,84000038.0,USA,168047.48170096395,,2021-01-11,,,94057,246.0,1360,0.0
North Dakota,US,2021-01-13 05:30:34,47.5289,-99.784,94523,1363,91850.0,1755.0,38.0,12461.978159257384,1282799.0,,1.435220284727487,84000038.0,USA,168332.62910366873,,2021-01-12,,,94303,220.0,1360,3.0
North Dakota,US,2021-01-14 05:30:28,47.5289,-99.784,94762,1364,92029.0,1742.0,38.0,12483.892386708692,1287521.0,,1.4337520365795977,84000038.0,USA,168952.26372657347,,2021-01-13,,,94523,239.0,1363,1.0
North Dakota,US,2021-01-15 05:30:28,47.5289,-99.784,94991,1372,92249.0,1757.0,38.0,12515.779555994131,1294101.0,,1.438486862798549,84000038.0,USA,169815.7105327388,,2021-01-14,,,94762,229.0,1364,8.0
North Dakota,US,2021-01-16 05:30:49,47.5289,-99.784,95116,1395,92551.0,1653.0,38.0,12544.779821064429,1298741.0,,1.4592202847310118,84000038.0,USA,170424.58487629614,,2021-01-15,,,94991,125.0,1372,23.0
North Dakota,US,2021-01-17 05:30:35,47.5289,-99.784,95267,1403,92820.0,1491.0,38.0,12559.870456734492,1301427.0,,1.4658252711202122,84000038.0,USA,170777.0496363813,,2021-01-16,,,95116,151.0,1395,8.0
North Dakota,US,2021-01-18 05:30:33,47.5289,-99.784,95336,1406,93020.0,1438.0,38.0,12579.55389456501,1305288.0,,1.466661103229575,84000038.0,USA,171283.7013261388,,2021-01-17,,,95267,69.0,1403,3.0
North Dakota,US,2021-01-19 05:30:28,47.5289,-99.784,95472,1406,93173.0,1355.0,38.0,12588.739498885918,1306720.0,,1.4655909270957117,84000038.0,USA,171471.61254596082,,2021-01-18,,,95336,136.0,1406,0.0
North Dakota,US,2021-01-20 05:30:46,47.5289,-99.784,95627,1408,93451.0,1212.0,38.0,12606.717038771125,1307962.0,,1.4655827460940347,84000038.0,USA,171634.5914111975,,2021-01-19,,,95472,155.0,1406,2.0
North Dakota,US,2021-01-21 05:30:34,47.5289,-99.784,95774,1409,93658.0,1155.0,38.0,12626.531699520512,1311137.0,,1.4643220885036683,84000038.0,USA,172051.22417861017,,2021-01-20,,,95627,147.0,1408,1.0
North Dakota,US,2021-01-22 05:30:39,47.5289,-99.784,95958,1422,93801.0,1146.0,38.0,12645.82146859442,1315777.0,,1.4755782461164897,84000038.0,USA,172660.09852216748,,2021-01-21,,,95774,184.0,1409,13.0
North Dakota,US,2021-01-23 05:30:27,47.5289,-99.784,96121,1428,93980.0,1157.0,38.0,12671.541160692965,1319901.0,,1.4787966654584994,84000038.0,USA,173201.26183958785,,2021-01-22,,,95958,163.0,1422,6.0
North Dakota,US,2021-01-24 05:30:28,47.5289,-99.784,96216,1436,94148.0,1136.0,38.0,12691.880713117833,1323998.0,,1.484698097601323,84000038.0,USA,173738.88213819874,,2021-01-23,,,96121,95.0,1428,8.0
North Dakota,US,2021-01-25 05:30:45,47.5289,-99.784,96270,1436,94309.0,1072.0,38.0,12704.609336248232,1325891.0,,1.4832105931809496,84000038.0,USA,173987.28712361987,,2021-01-24,,,96216,54.0,1436,0.0
North Dakota,US,2021-01-26 05:30:28,47.5289,-99.784,96400,1436,94381.0,1057.0,38.0,12712.08904262383,1327227.0,,1.4823378821974935,84000038.0,USA,174162.60094323035,,2021-01-25,,,96270,130.0,1436,0.0
North Dakota,US,2021-01-27 05:30:51,47.5289,-99.784,96557,1440,94584.0,982.0,38.0,12729.410467914684,1328400.0,,1.4844442611797208,84000038.0,USA,174316.525427065,,2021-01-26,,,96400,157.0,1436,4.0
North Dakota,US,2021-01-28 05:30:28,47.5289,-99.784,96701,1441,94728.0,991.0,38.0,12749.618797420682,1333029.0,,1.4831206257719225,84000038.0,USA,174923.95631851474,,2021-01-27,,,96557,144.0,1440,1.0
North Dakota,US,2021-01-29 05:30:28,47.5289,-99.784,96853,1442,94837.0,1025.0,38.0,12768.51489773798,1337275.0,,1.4819534654279372,84000038.0,USA,175481.1288320373,,2021-01-28,,,96701,152.0,1441,1.0
North Dakota,US,2021-01-30 05:30:40,47.5289,-99.784,96956,1444,94966.0,1047.0,38.0,12788.592004325108,1341601.0,,1.4816790995002924,84000038.0,USA,176048.7991790694,,2021-01-29,,,96853,103.0,1442,2.0
North Dakota,US,2021-01-31 05:30:41,47.5289,-99.784,97022,1447,95108.0,1006.0,38.0,12802.2391878876,1344399.0,,1.4831746292063428,84000038.0,USA,176415.960906068,,2021-01-30,,,96956,66.0,1444,3.0
North Dakota,US,2021-02-01 05:30:44,47.5289,-99.784,97065,1447,95227.0,955.0,38.0,12811.162346370767,1345999.0,,1.4821415767855863,84000038.0,USA,176625.9175762602,,2021-01-31,,,97022,43.0,1447,0.0
North Dakota,US,2021-02-02 05:30:40,47.5289,-99.784,97197,1447,95308.0,925.0,38.0,12817.854715233145,1346554.0,,1.4813677313677314,84000038.0,USA,176698.74629623312,,2021-02-01,,,97065,132.0,1447,0.0
North Dakota,US,2021-02-03 05:30:38,47.5289,-99.784,97335,1447,95491.0,859.0,38.0,12833.207796740948,1348204.0,,1.4795954886141702,84000038.0,USA,176915.26411236878,,2021-02-02,,,97197,138.0,1447,0.0
North Dakota,US,2021-02-04 05:30:42,47.5289,-99.784,97487,1447,95601.0,888.0,38.0,12851.447782463894,1351985.0,,1.477495507270054,84000038.0,USA,177411.4179686167,,2021-02-03,,,97335,152.0,1447,0.0
North Dakota,US,2021-02-05 05:30:47,47.5289,-99.784,97578,1447,95691.0,896.0,38.0,12864.307628513166,1357082.0,,1.4760185241854866,84000038.0,USA,178080.26118609775,,2021-02-04,,,97487,91.0,1447,0.0
North Dakota,US,2021-02-06 05:30:40,47.5289,-99.784,97657,1451,95777.0,867.0,38.0,12872.312226564243,1360187.0,,1.479178347520261,84000038.0,USA,178487.70834918946,,2021-02-05,,,97578,79.0,1447,4.0
North Dakota,US,2021-02-07 05:30:57,47.5289,-99.784,97703,1453,95834.0,819.0,38.0,12873.755678671814,1361923.0,,1.4810511079852404,84000038.0,USA,178715.51133634796,,2021-02-06,,,97657,46.0,1451,2.0
North Dakota,US,2021-02-08 05:30:33,47.5289,-99.784,97737,1453,95946.0,756.0,38.0,12880.18560169645,1362842.0,,1.4803117518210993,84000038.0,USA,178836.10519878962,,2021-02-07,,,97703,34.0,1453,0.0
North Dakota,US,2021-02-09 05:30:43,47.5289,-99.784,97835,1454,95991.0,739.0,38.0,12883.991066343684,1364158.0,,1.4808930171922106,84000038.0,USA,179008.79456002265,,2021-02-08,,,97737,98.0,1453,1.0
North Dakota,US,2021-02-10 05:30:29,47.5289,-99.784,97979,1457,96014.0,704.0,38.0,12882.810060073853,1364736.0,,1.4840845429080722,84000038.0,USA,179084.64140712962,,2021-02-09,,,97835,144.0,1454,3.0
North Dakota,US,2021-02-11 05:30:49,47.5289,-99.784,98113,1459,96026.0,729.0,38.0,12887.927753909787,1367891.0,,1.4855315942737288,84000038.0,USA,179498.64971616483,,2021-02-10,,,97979,134.0,1457,2.0
North Dakota,US,2021-02-12 05:30:51,47.5289,-99.784,98226,1460,96127.0,766.0,38.0,12906.167739632734,1372588.0,,1.484448872937277,84000038.0,USA,180115.00376609774,,2021-02-11,,,98113,113.0,1459,1.0
North Dakota,US,2021-02-13 05:30:30,47.5289,-99.784,98317,1461,96234.0,771.0,38.0,12920.995929465056,1376213.0,,1.4837608920845775,84000038.0,USA,180590.68684700195,,2021-02-12,,,98226,91.0,1460,1.0
North Dakota,US,2021-02-14 05:30:42,47.5289,-99.784,98364,1461,96305.0,785.0,38.0,12932.149877569016,1377365.0,,1.4824811518908991,84000038.0,USA,180741.85564954032,,2021-02-13,,,98317,47.0,1461,0.0
North Dakota,US,2021-02-15 05:31:10,47.5289,-99.784,98411,1461,96404.0,732.0,38.0,12938.186131837045,1378291.0,,1.4817895067801252,84000038.0,USA,180863.36807241407,,2021-02-14,,,98364,47.0,1461,0.0
North Dakota,US,2021-02-16 05:31:00,47.5289,-99.784,98544,1461,96445.0,737.0,38.0,12944.222386105068,1379342.0,,1.481098506736413,84000038.0,USA,181001.2833601465,,2021-02-15,,,98411,133.0,1461,0.0
North Dakota,US,2021-02-17 05:30:30,47.5289,-99.784,98666,1461,96564.0,756.0,38.0,12962.331148909145,1381170.0,,1.4790293679958697,84000038.0,USA,181241.15885584115,,2021-02-16,,,98544,122.0,1461,0.0
North Dakota,US,2021-02-18 05:30:52,47.5289,-99.784,98799,1461,96673.0,767.0,38.0,12978.07789917356,1384149.0,,1.477234810568144,84000038.0,USA,181632.0719311552,,2021-02-17,,,98666,133.0,1461,0.0
North Dakota,US,2021-02-19 05:31:04,47.5289,-99.784,98915,1465,96763.0,806.0,38.0,12995.530547383283,1387253.0,,1.4792899408284024,84000038.0,USA,182039.38787132804,,2021-02-18,,,98799,116.0,1461,4.0
North Dakota,US,2021-02-20 05:30:30,47.5289,-99.784,98997,1465,96864.0,824.0,38.0,13011.146074728827,1387253.0,,1.4775145482234526,84000038.0,USA,182039.38787132804,,2021-02-19,,,98915,82.0,1465,0.0
North Dakota,US,2021-02-21 05:30:53,47.5289,-99.784,99042,1467,97002.0,759.0,38.0,13020.987793644086,1392548.0,,1.4784133510702624,84000038.0,USA,182734.2132267453,,2021-02-20,,,98997,45.0,1465,2.0
North Dakota,US,2021-02-22 05:30:43,47.5289,-99.784,99077,1468,97114.0,695.0,38.0,13027.417716668722,1393460.0,,1.4786909354634004,84000038.0,USA,182853.88852875488,,2021-02-21,,,99042,35.0,1467,1.0
North Dakota,US,2021-02-23 05:30:53,47.5289,-99.784,99179,1468,97164.0,680.0,38.0,13032.010518829176,1394905.0,,1.478169808280973,84000038.0,USA,183043.5056465222,,2021-02-22,,,99077,102.0,1468,0.0
North Dakota,US,2021-02-24 05:31:21,47.5289,-99.784,99296,1469,97286.0,661.0,38.0,13045.657702391669,1395829.0,,1.4776293554357447,84000038.0,USA,183164.75562355825,,2021-02-23,,,99179,117.0,1468,1.0
North Dakota,US,2021-02-25 05:31:00,47.5289,-99.784,99384,1470,97389.0,672.0,38.0,13060.748338061732,1399342.0,,1.4769267866292914,84000038.0,USA,183625.7417375489,,2021-02-24,,,99296,88.0,1469,1.0
North Dakota,US,2021-02-26 05:30:48,47.5289,-99.784,99473,1471,97474.0,676.0,38.0,13072.558400760045,1403080.0,,1.4765962999769124,84000038.0,USA,184116.25300828548,,2021-02-25,,,99384,89.0,1470,1.0
North Dakota,US,2021-02-27 05:30:48,47.5289,-99.784,99540,1472,97562.0,677.0,38.0,13084.368463458351,1407119.0,,1.4762664099246825,84000038.0,USA,184646.26237760184,,2021-02-26,,,99473,67.0,1471,1.0
North Dakota,US,2021-02-28 05:30:29,47.5289,-99.784,99571,1475,97678.0,627.0,38.0,13093.422844860392,1409086.0,,1.478252154740429,84000038.0,USA,184904.37785901933,,2021-02-27,,,99540,31.0,1472,3.0
North Dakota,US,2021-03-01 05:30:39,47.5289,-99.784,99615,1475,97759.0,575.0,38.0,13097.228309507624,1409615.0,,1.4778226412447777,84000038.0,USA,184973.79478310165,,2021-02-28,,,99571,44.0,1475,0.0
