Province_State,Country_Region,Last_Update,Lat,Long_,Confirmed,Deaths,Recovered,Active,FIPS,Incident_Rate,Total_Test_Results,People_Hospitalized,Case_Fatality_Ratio,UID,ISO3,Testing_Rate,Hospitalization_Rate,Date,People_Tested,Mortality_Rate,prevValue_Confirmed,diff_Confirmed,prevValue_Deaths,diff_Deaths
Delaware,US,2021-01-02 05:30:44,39.3185,-75.5071,58064,1065,18851.0,38148.0,10.0,5962.841099075341,1021582.0,,1.8341829705152928,84000010.0,USA,1.0491063543117223e-05,,2021-01-01,,,,0.0,,0.0
Delaware,US,2021-01-03 05:30:33,39.3185,-75.5071,58873,1072,18851.0,38950.0,10.0,6045.920777518988,1031875.0,,1.8208686494657995,84000010.0,USA,1.0596766773057948e-05,,2021-01-02,,,58064,809.0,1065,7.0
Delaware,US,2021-01-04 05:30:45,39.3185,-75.5071,59484,1080,18851.0,39553.0,10.0,6108.666987072843,1037092.0,,1.8156142828323585,84000010.0,USA,1.0650342382753931e-05,,2021-01-03,,,58873,611.0,1072,8.0
Delaware,US,2021-01-05 05:30:33,39.3185,-75.5071,60333,1085,18851.0,40397.0,10.0,6195.854437009378,1047225.0,,1.7983524770855088,84000010.0,USA,1.0754402504097503e-05,,2021-01-04,,,59484,849.0,1080,5.0
Delaware,US,2021-01-06 05:30:39,39.3185,-75.5071,61100,1093,18851.0,41156.0,10.0,6274.620955385494,1056660.0,,1.7888707037643208,84000010.0,USA,1.0851294564185982e-05,,2021-01-05,,,60333,767.0,1085,8.0
Delaware,US,2021-01-07 05:30:38,39.3185,-75.5071,61729,1102,18851.0,41776.0,10.0,6339.215662111148,1062838.0,,1.7852225048194528,84000010.0,USA,1.0914739094893629e-05,,2021-01-06,,,61100,629.0,1093,9.0
Delaware,US,2021-01-08 05:30:47,39.3185,-75.5071,62949,1112,18851.0,42986.0,10.0,6464.502692644213,1071193.0,,1.7665093964955758,84000010.0,USA,1.1000540171951316e-05,,2021-01-07,,,61729,1220.0,1102,10.0
Delaware,US,2021-01-09 05:30:45,39.3185,-75.5071,63503,1116,18851.0,43536.0,10.0,6521.395327820704,1083611.0,,1.7573972883170874,84000010.0,USA,1.1128065937948004e-05,,2021-01-08,,,62949,554.0,1112,4.0
Delaware,US,2021-01-10 05:30:28,39.3185,-75.5071,64475,1128,18851.0,44496.0,10.0,6621.214175097868,1093470.0,,1.749515316013959,84000010.0,USA,1.1229312235818943e-05,,2021-01-09,,,63503,972.0,1116,12.0
Delaware,US,2021-01-11 05:30:40,39.3185,-75.5071,65273,1137,18851.0,45285.0,10.0,6703.164216380971,1099242.0,,1.741914727375791,84000010.0,USA,1.128858737846131e-05,,2021-01-10,,,64475,798.0,1128,9.0
Delaware,US,2021-01-12 05:30:28,39.3185,-75.5071,65827,1146,18851.0,45830.0,10.0,6760.056851557461,1109056.0,,1.7409269752533154,84000010.0,USA,1.1389371552039304e-05,,2021-01-11,,,65273,554.0,1137,9.0
Delaware,US,2021-01-13 05:30:34,39.3185,-75.5071,66446,1157,18851.0,46438.0,10.0,6823.624615409894,1119527.0,,1.7412635824579357,84000010.0,USA,1.1496902740294364e-05,,2021-01-12,,,65827,619.0,1146,11.0
Delaware,US,2021-01-14 05:30:28,39.3185,-75.5071,67173,1166,18851.0,47156.0,10.0,6898.283362293122,1127177.0,,1.7358164738808748,84000010.0,USA,1.1575463870095837e-05,,2021-01-13,,,66446,727.0,1157,9.0
Delaware,US,2021-01-15 05:30:28,39.3185,-75.5071,68065,1178,18851.0,48036.0,10.0,6989.886666584512,1137856.0,,1.7306985969294058,84000010.0,USA,1.1685131099527195e-05,,2021-01-14,,,67173,892.0,1166,12.0
Delaware,US,2021-01-16 05:30:49,39.3185,-75.5071,68727,1182,18851.0,48694.0,10.0,7057.8702847917975,1146724.0,,1.719848094635296,84000010.0,USA,1.177620039352451e-05,,2021-01-15,,,68065,662.0,1178,4.0
Delaware,US,2021-01-17 05:30:35,39.3185,-75.5071,69372,1188,18851.0,49333.0,10.0,7124.108100114607,1154740.0,,1.7125064867669952,84000010.0,USA,1.1858520134241972e-05,,2021-01-16,,,68727,645.0,1182,6.0
Delaware,US,2021-01-18 05:30:33,39.3185,-75.5071,70294,1200,18851.0,50243.0,10.0,7218.792233025661,1160979.0,,1.707115827808917,84000010.0,USA,1.1922591100102285e-05,,2021-01-17,,,69372,922.0,1188,12.0
Delaware,US,2021-01-19 05:30:28,39.3185,-75.5071,70910,1210,18851.0,50849.0,10.0,7282.051914016127,1168029.0,,1.7063883796361583,84000010.0,USA,1.1994990572664422e-05,,2021-01-18,,,70294,616.0,1200,10.0
Delaware,US,2021-01-20 05:30:46,39.3185,-75.5071,71311,1219,18851.0,51241.0,10.0,7323.232323232323,1176958.0,,1.7094136949418743,84000010.0,USA,1.2086686301814404e-05,,2021-01-19,,,70910,401.0,1210,9.0
Delaware,US,2021-01-21 05:30:34,39.3185,-75.5071,71775,1228,18851.0,51696.0,10.0,7370.882472549817,1187216.0,,1.710902124695228,84000010.0,USA,1.21920301017495e-05,,2021-01-20,,,71311,464.0,1219,9.0
Delaware,US,2021-01-22 05:30:39,39.3185,-75.5071,72523,1241,,,10.0,7447.697799466811,1196338.0,,1.7111812804213835,84000010.0,USA,1.22857078306448e-05,,2021-01-21,,,71775,748.0,1228,13.0
Delaware,US,2021-01-23 05:30:27,39.3185,-75.5071,73233,1252,,,10.0,7520.610743465562,1205679.0,,1.709611787035899,84000010.0,USA,1.2381634564432447e-05,,2021-01-22,,,72523,710.0,1241,11.0
Delaware,US,2021-01-24 05:30:28,39.3185,-75.5071,73915,1254,,,10.0,7590.648247419293,1213604.0,,1.6965433267942909,84000010.0,USA,1.246301978713528e-05,,2021-01-23,,,73233,682.0,1252,2.0
Delaware,US,2021-01-25 05:30:45,39.3185,-75.5071,74575,1267,,,10.0,7658.426477051935,1219525.0,,1.6989607777405296,84000010.0,USA,1.2523825074658746e-05,,2021-01-24,,,73915,660.0,1254,13.0
Delaware,US,2021-01-26 05:30:28,39.3185,-75.5071,75191,1271,,,10.0,7721.6861580424,1222956.0,,1.6903618784163,84000010.0,USA,1.2559059484638989e-05,,2021-01-25,,,74575,616.0,1267,4.0
Delaware,US,2021-01-27 05:30:51,39.3185,-75.5071,75490,1276,,,10.0,7752.391749951734,1231925.0,,1.6902901046496224,84000010.0,USA,1.2651165990938256e-05,,2021-01-26,,,75191,299.0,1271,5.0
Delaware,US,2021-01-28 05:30:28,39.3185,-75.5071,75832,1283,,,10.0,7787.513196215921,1241315.0,,1.6918978795231563,84000010.0,USA,1.2747595926733788e-05,,2021-01-27,,,75490,342.0,1276,7.0
Delaware,US,2021-01-29 05:30:28,39.3185,-75.5071,76495,1292,,,10.0,7855.599508710529,1251540.0,,1.6889992809987582,84000010.0,USA,1.285260083552072e-05,,2021-01-28,,,75832,663.0,1283,9.0
Delaware,US,2021-01-30 05:30:40,39.3185,-75.5071,76935,1299,,,10.0,7900.78499513229,1258426.0,,1.68843829206473,84000010.0,USA,1.292331612177078e-05,,2021-01-29,,,76495,440.0,1292,7.0
Delaware,US,2021-01-31 05:30:41,39.3185,-75.5071,77551,1301,,,10.0,7964.044676122757,1265798.0,,1.67760570463308,84000010.0,USA,1.2999022350384691e-05,,2021-01-30,,,76935,616.0,1299,2.0
Delaware,US,2021-02-01 05:30:44,39.3185,-75.5071,78071,1305,,,10.0,8017.445705530293,1269932.0,,1.6715553790780189,84000010.0,USA,1.3041476168763684e-05,,2021-01-31,,,77551,520.0,1301,4.0
Delaware,US,2021-02-02 05:30:40,39.3185,-75.5071,78495,1308,,,10.0,8060.9880833549,1272097.0,,1.6663481750429965,84000010.0,USA,1.3063709481968936e-05,,2021-02-01,,,78071,424.0,1305,3.0
Delaware,US,2021-02-03 05:30:38,39.3185,-75.5071,78696,1316,,,10.0,8081.629635106658,1274731.0,,1.67225780217546,84000010.0,USA,1.30907591572496e-05,,2021-02-02,,,78495,201.0,1308,8.0
Delaware,US,2021-02-04 05:30:42,39.3185,-75.5071,78982,1318,,,10.0,8111.000201280804,1282863.0,,1.6687346484009016,84000010.0,USA,1.3174270151700002e-05,,2021-02-03,,,78696,286.0,1316,2.0
Delaware,US,2021-02-05 05:30:47,39.3185,-75.5071,79225,1321,,,10.0,8135.954913100094,1291356.0,,1.6674029662354055,84000010.0,USA,1.3261488409922734e-05,,2021-02-04,,,78982,243.0,1318,3.0
Delaware,US,2021-02-06 05:30:40,39.3185,-75.5071,79546,1325,,,10.0,8168.919779330516,1300475.0,,1.6657028637517914,84000010.0,USA,1.3355135330531832e-05,,2021-02-05,,,79225,321.0,1321,4.0
Delaware,US,2021-02-07 05:30:57,39.3185,-75.5071,79832,1329,,,10.0,8198.29034550466,1307412.0,,1.6647459665297124,84000010.0,USA,1.3426374357647234e-05,,2021-02-06,,,79546,286.0,1325,4.0
Delaware,US,2021-02-08 05:30:33,39.3185,-75.5071,80594,1335,,,10.0,8276.543392444166,1310947.0,,1.6564508524207755,84000010.0,USA,1.3462676788215623e-05,,2021-02-07,,,79832,762.0,1329,6.0
Delaware,US,2021-02-09 05:30:43,39.3185,-75.5071,80931,1339,,,10.0,8311.151367271741,1314371.0,,1.6544958050685152,84000010.0,USA,1.349783931219474e-05,,2021-02-08,,,80594,337.0,1335,4.0
Delaware,US,2021-02-10 05:30:29,39.3185,-75.5071,81210,1343,,,10.0,8339.80307343463,1321626.0,,1.653737224479744,84000010.0,USA,1.3572344017646989e-05,,2021-02-09,,,80931,279.0,1339,4.0
Delaware,US,2021-02-11 05:30:49,39.3185,-75.5071,81461,1346,,,10.0,8365.5793395525,1329804.0,,1.652324425185058,84000010.0,USA,1.365632740581907e-05,,2021-02-10,,,81210,251.0,1343,3.0
Delaware,US,2021-02-12 05:30:51,39.3185,-75.5071,81875,1350,,,10.0,8408.094774503885,1339316.0,,1.6488549618320612,84000010.0,USA,1.3754010211919932e-05,,2021-02-11,,,81461,414.0,1346,4.0
Delaware,US,2021-02-13 05:30:30,39.3185,-75.5071,82263,1352,,,10.0,8447.94015798489,1343768.0,,1.6435092325832998,84000010.0,USA,1.3799729708635768e-05,,2021-02-12,,,81875,388.0,1350,2.0
Delaware,US,2021-02-14 05:30:42,39.3185,-75.5071,82672,1356,,,10.0,8489.942121499666,1349014.0,,1.6402167602090187,84000010.0,USA,1.3853603131764986e-05,,2021-02-13,,,82263,409.0,1352,4.0
Delaware,US,2021-02-15 05:31:10,39.3185,-75.5071,83003,1361,,,10.0,8523.933930603309,1353242.0,,1.6396997698878353,84000010.0,USA,1.3897022276444806e-05,,2021-02-14,,,82672,331.0,1356,5.0
Delaware,US,2021-02-16 05:31:00,39.3185,-75.5071,83239,1364,,,10.0,8548.169782411343,1356130.0,,1.63865495741179,84000010.0,USA,1.3926680386623452e-05,,2021-02-15,,,83003,236.0,1361,3.0
Delaware,US,2021-02-17 05:30:30,39.3185,-75.5071,83369,1364,,,10.0,8561.520039763229,1362401.0,,1.6360997493072964,84000010.0,USA,1.3991079974203196e-05,,2021-02-16,,,83239,130.0,1364,0.0
Delaware,US,2021-02-18 05:30:52,39.3185,-75.5071,83581,1365,,,10.0,8583.29122867553,1370347.0,,1.6331462892284132,84000010.0,USA,1.4072680854909402e-05,,2021-02-17,,,83369,212.0,1364,1.0
Delaware,US,2021-02-19 05:31:04,39.3185,-75.5071,83852,1366,,,10.0,8611.121380539844,1377908.0,,1.62906072604112,84000010.0,USA,1.4150328005553708e-05,,2021-02-18,,,83581,271.0,1365,1.0
Delaware,US,2021-02-20 05:30:30,39.3185,-75.5071,84181,1366,,,10.0,8644.907801068843,1380813.0,,1.6226939570686971,84000010.0,USA,1.4180160696020802e-05,,2021-02-19,,,83852,329.0,1366,0.0
Delaware,US,2021-02-21 05:30:53,39.3185,-75.5071,84531,1366,,,10.0,8680.850801631606,1385757.0,,1.6159752043628963,84000010.0,USA,1.4230932751672893e-05,,2021-02-20,,,84181,350.0,1366,0.0
Delaware,US,2021-02-22 05:30:43,39.3185,-75.5071,84732,1367,,,10.0,8701.492353383366,1389561.0,,1.6133220034933673,84000010.0,USA,1.4269997658570248e-05,,2021-02-21,,,84531,201.0,1366,1.0
Delaware,US,2021-02-23 05:30:53,39.3185,-75.5071,85090,1368,,,10.0,8738.256908244708,1393211.0,,1.6077094840756845,84000010.0,USA,1.4307481073442848e-05,,2021-02-22,,,84732,358.0,1367,1.0
Delaware,US,2021-02-24 05:31:21,39.3185,-75.5071,85228,1379,,,10.0,8752.42871989517,1399237.0,,1.618012859623598,84000010.0,USA,1.4369364650983194e-05,,2021-02-23,,,85090,138.0,1368,11.0
Delaware,US,2021-02-25 05:31:00,39.3185,-75.5071,85506,1402,,,10.0,8780.977731770738,1408358.0,,1.6396510186419666,84000010.0,USA,1.446303211044976e-05,,2021-02-24,,,85228,278.0,1379,23.0
Delaware,US,2021-02-26 05:30:48,39.3185,-75.5071,85801,1406,,,10.0,8811.272546530781,1416608.0,,1.6386755399121222,84000010.0,USA,1.4547754897490562e-05,,2021-02-25,,,85506,295.0,1402,4.0
Delaware,US,2021-02-27 05:30:48,39.3185,-75.5071,86098,1418,,,10.0,8841.772749865471,1422487.0,,1.646960440428349,84000010.0,USA,1.4608128869007274e-05,,2021-02-26,,,85801,297.0,1406,12.0
Delaware,US,2021-02-28 05:30:29,39.3185,-75.5071,86517,1418,,,10.0,8884.801656253467,1427861.0,,1.6389842458707538,84000010.0,USA,1.4663316779014216e-05,,2021-02-27,,,86098,419.0,1418,0.0
Delaware,US,2021-03-01 05:30:39,39.3185,-75.5071,86799,1422,,,10.0,8913.761445278322,1431381.0,,1.638267721978364,84000010.0,USA,1.4699465168151629e-05,,2021-02-28,,,86517,282.0,1418,4.0
