Province_State,Country_Region,Last_Update,Lat,Long_,Confirmed,Deaths,Recovered,Active,FIPS,Incident_Rate,Total_Test_Results,People_Hospitalized,Case_Fatality_Ratio,UID,ISO3,Testing_Rate,Hospitalization_Rate,Date,People_Tested,Mortality_Rate,prevValue_Confirmed,diff_Confirmed,prevValue_Deaths,diff_Deaths
Tennessee,US,2021-01-02 05:30:44,35.7478,-86.6923,592168,6955,508914.0,76463.0,47.0,8673.55261412288,5644058.0,,1.1741725923975068,84000047.0,USA,82646.27610894085,,2021-01-01,,,,0.0,,0.0
Tennessee,US,2021-01-03 05:30:33,35.7478,-86.6923,599352,6970,523089.0,69462.0,47.0,8778.821567586358,5718900.0,,1.1625948048525403,84000047.0,USA,83742.1919546932,,2021-01-02,,,592168,7184.0,6955,15.0
Tennessee,US,2021-01-04 05:30:45,35.7478,-86.6923,602854,7025,526966.0,69039.0,47.0,8830.204062746096,5735403.0,,1.1649503341458969,84000047.0,USA,83983.84636267871,,2021-01-03,,,599352,3502.0,6970,55.0
Tennessee,US,2021-01-05 05:30:33,35.7478,-86.6923,606893,7168,530494.0,69411.0,47.0,8889.405951583603,5751015.0,,1.1807476201379403,84000047.0,USA,84212.45380480861,,2021-01-04,,,602854,4039.0,7025,143.0
Tennessee,US,2021-01-06 05:30:39,35.7478,-86.6923,615282,7267,539207.0,68992.0,47.0,9012.305148470372,5766988.0,,1.18073134827919,84000047.0,USA,84446.34739135363,,2021-01-05,,,606893,8389.0,7168,99.0
Tennessee,US,2021-01-07 05:30:38,35.7478,-86.6923,622625,7381,548838.0,66598.0,47.0,9119.94627754396,5799089.0,,1.1850993148870377,84000047.0,USA,84916.40423863853,,2021-01-06,,,615282,7343.0,7267,114.0
Tennessee,US,2021-01-08 05:30:47,35.7478,-86.6923,629945,7492,555634.0,67023.0,47.0,9227.30918849044,5840819.0,,1.188925158970339,84000047.0,USA,85527.45910413178,,2021-01-07,,,622625,7320.0,7381,111.0
Tennessee,US,2021-01-09 05:30:45,35.7478,-86.6923,635990,7618,559625.0,68958.0,47.0,9315.92898350518,5875526.0,,1.1974203121340583,84000047.0,USA,86035.67576400892,,2021-01-08,,,629945,6045.0,7492,126.0
Tennessee,US,2021-01-10 05:30:28,35.7478,-86.6923,643187,7704,560642.0,75063.0,47.0,9421.47615509577,5908921.0,,1.1973721225534613,84000047.0,USA,86524.68073005608,,2021-01-09,,,635990,7197.0,7618,86.0
Tennessee,US,2021-01-11 05:30:40,35.7478,-86.6923,648552,7785,565197.0,75800.0,47.0,9500.153312831098,5948059.0,,1.1999408121680315,84000047.0,USA,87097.78078578756,,2021-01-10,,,643187,5365.0,7704,81.0
Tennessee,US,2021-01-12 05:30:28,35.7478,-86.6923,652324,7865,568910.0,75785.0,47.0,9555.474790948365,5969654.0,,1.2052531567978424,84000047.0,USA,87413.997651839,,2021-01-11,,,648552,3772.0,7785,80.0
Tennessee,US,2021-01-13 05:30:34,35.7478,-86.6923,657056,8011,579345.0,69940.0,47.0,9624.824319895788,5986016.0,,1.2187811883839244,84000047.0,USA,87653.58738846016,,2021-01-12,,,652324,4732.0,7865,146.0
Tennessee,US,2021-01-14 05:30:28,35.7478,-86.6923,661158,8148,588974.0,64288.0,47.0,9685.065865945136,6008119.0,,1.2319136390438608,84000047.0,USA,87977.24292864701,,2021-01-13,,,657056,4102.0,8011,137.0
Tennessee,US,2021-01-15 05:30:28,35.7478,-86.6923,667312,8232,596883.0,62447.0,47.0,9775.149966892042,6033531.0,,1.23314388775874,84000047.0,USA,88349.35235212928,,2021-01-14,,,661158,6154.0,8148,84.0
Tennessee,US,2021-01-16 05:30:49,35.7478,-86.6923,670062,8311,602938.0,59070.0,47.0,9815.520881441884,6067669.0,,1.23985744100943,84000047.0,USA,88849.2371112524,,2021-01-15,,,667312,2750.0,8232,79.0
Tennessee,US,2021-01-17 05:30:35,35.7478,-86.6923,676969,8355,605596.0,63284.0,47.0,9916.792279710548,6097151.0,,1.2336928835633123,84000047.0,USA,89280.94378617383,,2021-01-16,,,670062,6907.0,8311,44.0
Tennessee,US,2021-01-18 05:30:33,35.7478,-86.6923,679538,8391,610796.0,60614.0,47.0,9954.36636992995,6128058.0,,1.2343318118096325,84000047.0,USA,89733.51682062868,,2021-01-17,,,676969,2569.0,8355,36.0
Tennessee,US,2021-01-19 05:30:28,35.7478,-86.6923,681151,8430,614720.0,58263.0,47.0,9977.97098155648,6142748.0,,1.2371351882045103,84000047.0,USA,89948.623362064,,2021-01-18,,,679538,1613.0,8391,39.0
Tennessee,US,2021-01-20 05:30:46,35.7478,-86.6923,685932,8470,624306.0,53403.0,47.0,10047.759802283555,6155742.0,,1.234371789285303,84000047.0,USA,90138.89527488976,,2021-01-19,,,681151,4781.0,8430,40.0
Tennessee,US,2021-01-21 05:30:34,35.7478,-86.6923,689030,8556,633428.0,47302.0,47.0,10093.25578759598,6179461.0,,1.2412844595712085,84000047.0,USA,90486.21399894042,,2021-01-20,,,685932,3098.0,8470,86.0
Tennessee,US,2021-01-22 05:30:39,35.7478,-86.6923,693705,8684,639444.0,45861.0,47.0,10162.122095585792,6203166.0,,1.2513166635206034,84000047.0,USA,90833.3277201606,,2021-01-21,,,689030,4675.0,8556,128.0
Tennessee,US,2021-01-23 05:30:27,35.7478,-86.6923,696332,8777,646144.0,41703.0,47.0,10200.706556898387,6231478.0,,1.2599336227290476,84000047.0,USA,91247.90201567567,,2021-01-22,,,693705,2627.0,8684,93.0
Tennessee,US,2021-01-24 05:30:28,35.7478,-86.6923,700798,8819,651283.0,41002.0,47.0,10266.307462659466,6262941.0,,1.2578732969716333,84000047.0,USA,91708.61659111336,,2021-01-23,,,696332,4466.0,8777,42.0
Tennessee,US,2021-01-25 05:30:45,35.7478,-86.6923,702391,8859,654335.0,39510.0,47.0,10289.736357574136,6289451.0,,1.2607015187048884,84000047.0,USA,92096.8040937308,,2021-01-24,,,700798,1593.0,8819,40.0
Tennessee,US,2021-01-26 05:30:28,35.7478,-86.6923,704204,8970,657031.0,38519.0,47.0,10316.328153302287,6303713.0,,1.2732072900698348,84000047.0,USA,92305.64340577649,,2021-01-25,,,702391,1813.0,8859,111.0
Tennessee,US,2021-01-27 05:30:51,35.7478,-86.6923,707329,9162,662533.0,35956.0,47.0,10362.175572038434,6312966.0,,1.2947060062092757,84000047.0,USA,92441.13563367986,,2021-01-26,,,704204,3125.0,8970,192.0
Tennessee,US,2021-01-28 05:30:28,35.7478,-86.6923,710049,9316,668021.0,33035.0,47.0,10402.019336452697,6339869.0,,1.3114255629444855,84000047.0,USA,92835.07785861072,,2021-01-27,,,707329,2720.0,9162,154.0
Tennessee,US,2021-01-29 05:30:28,35.7478,-86.6923,713995,9417,672110.0,32798.0,47.0,10459.903349951252,6354257.0,,1.3183074930878802,84000047.0,USA,93045.76219613088,,2021-01-28,,,710049,3946.0,9316,101.0
Tennessee,US,2021-01-30 05:30:40,35.7478,-86.6923,715756,9461,676878.0,29748.0,47.0,10485.704420476037,6359165.0,,1.32120817721869,84000047.0,USA,93117.63033128165,,2021-01-29,,,713995,1761.0,9417,44.0
Tennessee,US,2021-01-31 05:30:41,35.7478,-86.6923,719268,9574,680847.0,29184.0,47.0,10537.218703169669,6404722.0,,1.3304521230397233,84000047.0,USA,93784.72418479892,,2021-01-30,,,715756,3512.0,9461,113.0
Tennessee,US,2021-02-01 05:30:44,35.7478,-86.6923,721434,9650,683295.0,28833.0,47.0,10569.038071075653,6437840.0,,1.3369761893546217,84000047.0,USA,94269.67302341395,,2021-01-31,,,719268,2166.0,9574,76.0
Tennessee,US,2021-02-02 05:30:40,35.7478,-86.6923,723121,9753,685162.0,28549.0,47.0,10593.726269091989,6447858.0,,1.3480974865369943,84000047.0,USA,94416.36719169845,,2021-02-01,,,721434,1687.0,9650,103.0
Tennessee,US,2021-02-03 05:30:38,35.7478,-86.6923,724432,9900,688963.0,25913.0,47.0,10612.937962922017,6458818.0,,1.3659392695122354,84000047.0,USA,94576.85512186392,,2021-02-02,,,723121,1311.0,9753,147.0
Tennessee,US,2021-02-04 05:30:42,35.7478,-86.6923,727772,10033,693707.0,24374.0,47.0,10661.816494937748,6472330.0,,1.3779435637825943,84000047.0,USA,94774.71213941832,,2021-02-03,,,724432,3340.0,9900,133.0
Tennessee,US,2021-02-05 05:30:47,35.7478,-86.6923,730662,10202,697110.0,23692.0,47.0,10704.134936377372,6503165.0,,1.3956147982774376,84000047.0,USA,95226.230873602,,2021-02-04,,,727772,2890.0,10033,169.0
Tennessee,US,2021-02-06 05:30:40,35.7478,-86.6923,732849,10405,700620.0,22161.0,47.0,10736.086091817251,6531853.0,,1.4191487562501193,84000047.0,USA,95646.31095942204,,2021-02-05,,,730662,2187.0,10202,203.0
Tennessee,US,2021-02-07 05:30:57,35.7478,-86.6923,736498,10463,703426.0,22957.0,47.0,10789.679688934562,6562382.0,,1.419971065867223,84000047.0,USA,96093.34891745327,,2021-02-06,,,732849,3649.0,10405,58.0
Tennessee,US,2021-02-08 05:30:33,35.7478,-86.6923,737847,10469,705492.0,22239.0,47.0,10809.506391256102,6590826.0,,1.418179355188296,84000047.0,USA,96509.85609679885,,2021-02-07,,,736498,1349.0,10463,6.0
Tennessee,US,2021-02-09 05:30:43,35.7478,-86.6923,739083,10566,707098.0,21779.0,47.0,10827.707713992935,6602798.0,,1.4289133848045084,84000047.0,USA,96685.16280299785,,2021-02-08,,,737847,1236.0,10469,97.0
Tennessee,US,2021-02-10 05:30:29,35.7478,-86.6923,741767,10631,710742.0,20760.0,47.0,10867.097543568229,6612517.0,,1.432492558611462,84000047.0,USA,96827.47869654516,,2021-02-09,,,739083,2684.0,10566,65.0
Tennessee,US,2021-02-11 05:30:49,35.7478,-86.6923,743901,10731,714067.0,19475.0,47.0,10898.433690516598,6640932.0,,1.4418096585527085,84000047.0,USA,97243.56122717036,,2021-02-10,,,741767,2134.0,10631,100.0
Tennessee,US,2021-02-12 05:30:51,35.7478,-86.6923,746316,10812,716136.0,19738.0,47.0,10933.767392659784,6665560.0,,1.4479982214746223,84000047.0,USA,97604.19049214444,,2021-02-11,,,743901,2415.0,10731,81.0
Tennessee,US,2021-02-13 05:30:30,35.7478,-86.6923,748232,10893,718749.0,18969.0,47.0,10961.955281854,6690985.0,,1.455094835635597,84000047.0,USA,97976.49027539788,,2021-02-12,,,746316,1916.0,10812,81.0
Tennessee,US,2021-02-14 05:30:42,35.7478,-86.6923,749901,10902,720977.0,18408.0,47.0,10986.497049277115,6711555.0,,1.453043968508051,84000047.0,USA,98277.6980056446,,2021-02-13,,,748232,1669.0,10893,9.0
Tennessee,US,2021-02-15 05:31:10,35.7478,-86.6923,751154,10933,722598.0,18010.0,47.0,11004.859445666489,6726614.0,,1.4547443186732327,84000047.0,USA,98498.20783596965,,2021-02-14,,,749901,1253.0,10902,31.0
Tennessee,US,2021-02-16 05:31:00,35.7478,-86.6923,751929,10937,724031.0,17348.0,47.0,11016.207816640785,6738292.0,,1.453777402049139,84000047.0,USA,98669.20948272808,,2021-02-15,,,751154,775.0,10933,4.0
Tennessee,US,2021-02-17 05:30:30,35.7478,-86.6923,753153,10954,726910.0,15678.0,47.0,11034.160207369148,6746930.0,,1.453668143248817,84000047.0,USA,98795.69622914869,,2021-02-16,,,751929,1224.0,10937,17.0
Tennessee,US,2021-02-18 05:30:52,35.7478,-86.6923,754082,10985,729629.0,13858.0,47.0,11047.7782525383,6755133.0,,1.4559851127676045,84000047.0,USA,98915.8132447643,,2021-02-17,,,753153,929.0,10954,31.0
Tennessee,US,2021-02-19 05:31:04,35.7478,-86.6923,755555,11057,731791.0,13106.0,47.0,11069.479266453014,6766039.0,,1.462655135100813,84000047.0,USA,99075.51044972644,,2021-02-18,,,754082,1473.0,10985,72.0
Tennessee,US,2021-02-20 05:30:30,35.7478,-86.6923,756547,11064,734152.0,11734.0,47.0,11084.063753537395,6776044.0,,1.46165532730035,84000047.0,USA,99222.01425823972,,2021-02-19,,,755555,992.0,11057,7.0
Tennessee,US,2021-02-21 05:30:53,35.7478,-86.6923,757912,11115,736300.0,10900.0,47.0,11104.051529511476,6787439.0,,1.465749721421837,84000047.0,USA,99388.87191921014,,2021-02-20,,,756547,1365.0,11064,51.0
Tennessee,US,2021-02-22 05:30:43,35.7478,-86.6923,758783,11133,737635.0,10417.0,47.0,11116.790991121328,6796955.0,,1.4664409860574168,84000047.0,USA,99528.21527171516,,2021-02-21,,,757912,871.0,11115,18.0
Tennessee,US,2021-02-23 05:30:53,35.7478,-86.6923,759838,11153,738731.0,10353.0,47.0,11132.195489527723,6804207.0,,1.467042514373807,84000047.0,USA,99634.4067379159,,2021-02-22,,,758783,1055.0,11133,20.0
Tennessee,US,2021-02-24 05:31:21,35.7478,-86.6923,761676,11198,738731.0,12152.0,47.0,11159.197290916882,6804207.0,,1.469397609965345,84000047.0,USA,99634.4067379159,,2021-02-23,,,759838,1838.0,11153,45.0
Tennessee,US,2021-02-25 05:31:00,35.7478,-86.6923,763586,11266,743254.0,9476.0,47.0,11187.238749517875,6833344.0,,1.4746150503405775,84000047.0,USA,100061.06155737136,,2021-02-24,,,761676,1910.0,11198,68.0
Tennessee,US,2021-02-26 05:30:48,35.7478,-86.6923,765263,11321,745200.0,9155.0,47.0,11211.839089178282,6859550.0,,1.4785627341068546,84000047.0,USA,100444.79756995502,,2021-02-25,,,763586,1677.0,11266,55.0
Tennessee,US,2021-02-27 05:30:48,35.7478,-86.6923,766386,11377,746954.0,8469.0,47.0,11228.297887855835,6878643.0,,1.483698487219614,84000047.0,USA,100724.37750158364,,2021-02-26,,,765263,1123.0,11321,56.0
Tennessee,US,2021-02-28 05:30:29,35.7478,-86.6923,767826,11393,748739.0,8110.0,47.0,11249.413179397685,6894853.0,,1.4829962433712294,84000047.0,USA,100961.74149318787,,2021-02-27,,,766386,1440.0,11377,16.0
Tennessee,US,2021-03-01 05:30:39,35.7478,-86.6923,768663,11411,749863.0,7807.0,47.0,11261.698706168563,6906699.0,,1.4837188800659489,84000047.0,USA,101135.2031739124,,2021-02-28,,,767826,837.0,11393,18.0
