Province_State,Country_Region,Last_Update,Lat,Long_,Confirmed,Deaths,Recovered,Active,FIPS,Incident_Rate,Total_Test_Results,People_Hospitalized,Case_Fatality_Ratio,UID,ISO3,Testing_Rate,Hospitalization_Rate,Date,People_Tested,Mortality_Rate,prevValue_Confirmed,diff_Confirmed,prevValue_Deaths,diff_Deaths
Kansas,US,2021-01-02 05:30:44,38.5266,-96.7265,229822,2892,4612.0,222604.0,20.0,7898.496351577619,1012506.0,,1.2568011542406174,84000020.0,USA,34754.441162195355,,2021-01-01,,,,0.0,,0.0
Kansas,US,2021-01-03 05:30:33,38.5266,-96.7265,229983,2893,4612.0,222614.0,20.0,7898.873928453988,1012506.0,,1.2571756352148236,84000020.0,USA,34754.441162195355,,2021-01-02,,,229822,161.0,2892,1.0
Kansas,US,2021-01-04 05:30:45,38.5266,-96.7265,229983,2893,4612.0,222614.0,20.0,7898.873928453988,1012506.0,,1.2571756352148236,84000020.0,USA,34754.441162195355,,2021-01-03,,,229983,0.0,2893,0.0
Kansas,US,2021-01-05 05:30:33,38.5266,-96.7265,233702,2911,4643.0,226515.0,20.0,8034.458352240781,1024129.0,,1.2436503765983535,84000020.0,USA,35153.40261983432,,2021-01-04,,,229983,3719.0,2893,18.0
Kansas,US,2021-01-06 05:30:39,38.5266,-96.7265,233580,3006,4643.0,226252.0,20.0,8028.691723583521,1024129.0,,1.2851591057755205,84000020.0,USA,35153.40261983432,,2021-01-05,,,233702,-122.0,2911,95.0
Kansas,US,2021-01-07 05:30:38,38.5266,-96.7265,238776,3041,4745.0,231411.0,20.0,8210.477826969562,1037519.0,,1.2713370150963432,84000020.0,USA,35613.01665388626,,2021-01-06,,,233580,5196.0,3006,35.0
Kansas,US,2021-01-08 05:30:47,38.5266,-96.7265,238985,3042,4745.0,231524.0,20.0,8214.39089641556,1037519.0,,1.271149257660534,84000020.0,USA,35613.01665388626,,2021-01-07,,,238776,209.0,3041,1.0
Kansas,US,2021-01-09 05:30:45,38.5266,-96.7265,244185,3164,4838.0,236581.0,20.0,8395.353195707707,1051207.0,,1.2936303831419191,84000020.0,USA,36082.859588770734,,2021-01-08,,,238985,5200.0,3042,122.0
Kansas,US,2021-01-10 05:30:28,38.5266,-96.7265,244347,3164,4838.0,236581.0,20.0,8395.353195707707,1051207.0,,1.2936303831419191,84000020.0,USA,36082.859588770734,,2021-01-09,,,244185,162.0,3164,0.0
Kansas,US,2021-01-11 05:30:40,38.5266,-96.7265,244347,3165,4838.0,236580.0,20.0,8395.353195707707,1051207.0,,1.2940392423022042,84000020.0,USA,36082.859588770734,,2021-01-10,,,244347,0.0,3164,1.0
Kansas,US,2021-01-12 05:30:28,38.5266,-96.7265,249289,3273,4896.0,241543.0,20.0,8571.406995607065,1066516.0,,1.3107099378484013,84000020.0,USA,36608.343625163645,,2021-01-11,,,244347,4942.0,3165,108.0
Kansas,US,2021-01-13 05:30:34,38.5266,-96.7265,249519,3274,4896.0,241633.0,20.0,8574.530586129747,1066516.0,,1.3106327786295602,84000020.0,USA,36608.343625163645,,2021-01-12,,,249289,230.0,3273,1.0
Kansas,US,2021-01-14 05:30:28,38.5266,-96.7265,253820,3375,5026.0,245703.0,20.0,8722.163144789749,1083932.0,,1.3281963290621164,84000020.0,USA,37206.15079596638,,2021-01-13,,,249519,4301.0,3274,101.0
Kansas,US,2021-01-15 05:30:28,38.5266,-96.7265,254109,3376,5026.0,246008.0,20.0,8732.666646986901,1083932.0,,1.326991863527377,84000020.0,USA,37206.15079596638,,2021-01-14,,,253820,289.0,3375,1.0
Kansas,US,2021-01-16 05:30:49,38.5266,-96.7265,258023,3517,5138.0,249699.0,20.0,8868.045119750223,1100365.0,,1.3613104500027096,84000020.0,USA,37770.21632409002,,2021-01-15,,,254109,3914.0,3376,141.0
Kansas,US,2021-01-17 05:30:35,38.5266,-96.7265,258108,3517,5138.0,249699.0,20.0,8868.045119750223,1100365.0,,1.3613104500027096,84000020.0,USA,37770.21632409002,,2021-01-16,,,258023,85.0,3517,0.0
Kansas,US,2021-01-18 05:30:33,38.5266,-96.7265,258108,3518,5138.0,249698.0,20.0,8868.045119750223,1100365.0,,1.3616975158116382,84000020.0,USA,37770.21632409002,,2021-01-17,,,258108,0.0,3517,1.0
Kansas,US,2021-01-19 05:30:28,38.5266,-96.7265,261579,3540,5215.0,253070.0,20.0,8987.187786829707,1113766.0,,1.3520481237467774,84000020.0,USA,38230.207935018334,,2021-01-18,,,258108,3471.0,3518,22.0
Kansas,US,2021-01-20 05:30:46,38.5266,-96.7265,261738,3540,5215.0,253248.0,20.0,8993.297667192757,1113766.0,,1.351129567218696,84000020.0,USA,38230.207935018334,,2021-01-19,,,261579,159.0,3540,0.0
Kansas,US,2021-01-21 05:30:34,38.5266,-96.7265,265257,3594,5302.0,256626.0,20.0,9114.08794246003,1125705.0,,1.35356015697381,84000020.0,USA,38640.01614656024,,2021-01-20,,,261738,3519.0,3540,54.0
Kansas,US,2021-01-22 05:30:39,38.5266,-96.7265,265413,3594,5302.0,256813.0,20.0,9120.50674935829,1125705.0,,1.3526075518706555,84000020.0,USA,38640.01614656024,,2021-01-21,,,265257,156.0,3594,0.0
Kansas,US,2021-01-23 05:30:27,38.5266,-96.7265,268585,3616,5384.0,259908.0,20.0,9230.312970040304,1137411.0,,1.3446978148660509,84000020.0,USA,39041.826593357255,,2021-01-22,,,265413,3172.0,3594,22.0
Kansas,US,2021-01-24 05:30:28,38.5266,-96.7265,268658,3616,5384.0,259908.0,20.0,9230.312970040304,1137411.0,,1.3446978148660509,84000020.0,USA,39041.826593357255,,2021-01-23,,,268585,73.0,3616,0.0
Kansas,US,2021-01-25 05:30:45,38.5266,-96.7265,268658,3616,5384.0,259908.0,20.0,9230.312970040304,1137411.0,,1.3446978148660509,84000020.0,USA,39041.826593357255,,2021-01-24,,,268658,0.0,3616,0.0
Kansas,US,2021-01-26 05:30:28,38.5266,-96.7265,271179,3645,5432.0,262426.0,20.0,9319.386787692642,1147637.0,,1.342526601916001,84000020.0,USA,39392.83578769745,,2021-01-25,,,268658,2521.0,3616,29.0
Kansas,US,2021-01-27 05:30:51,38.5266,-96.7265,271269,3646,5432.0,262500.0,20.0,9321.961175486062,1147637.0,,1.342524063068437,84000020.0,USA,39392.83578769745,,2021-01-26,,,271179,90.0,3645,1.0
Kansas,US,2021-01-28 05:30:28,38.5266,-96.7265,274437,3740,5544.0,265462.0,20.0,9430.703315880128,1159776.0,,1.3612573067487788,84000020.0,USA,39809.509033355134,,2021-01-27,,,271269,3168.0,3646,94.0
Kansas,US,2021-01-29 05:30:28,38.5266,-96.7265,274547,3741,5544.0,265538.0,20.0,9433.346354014706,1159776.0,,1.361239779785535,84000020.0,USA,39809.509033355134,,2021-01-28,,,274437,110.0,3740,1.0
Kansas,US,2021-01-30 05:30:40,38.5266,-96.7265,276680,3802,5647.0,267507.0,20.0,9506.561942859576,1168723.0,,1.3727812360086078,84000020.0,USA,40116.61633452487,,2021-01-29,,,274547,2133.0,3741,61.0
Kansas,US,2021-01-31 05:30:41,38.5266,-96.7265,276722,3802,5647.0,267507.0,20.0,9506.561942859576,1168723.0,,1.3727812360086078,84000020.0,USA,40116.61633452487,,2021-01-30,,,276680,42.0,3802,0.0
Kansas,US,2021-02-01 05:30:44,38.5266,-96.7265,276722,3804,5647.0,267505.0,20.0,9506.561942859576,1168723.0,,1.3735033723768395,84000020.0,USA,40116.61633452487,,2021-01-31,,,276722,0.0,3802,2.0
Kansas,US,2021-02-02 05:30:40,38.5266,-96.7265,278683,3834,5715.0,269459.0,20.0,9576.99719288755,1177617.0,,1.374154146117674,84000020.0,USA,40421.904401653934,,2021-02-01,,,276722,1961.0,3804,30.0
Kansas,US,2021-02-03 05:30:38,38.5266,-96.7265,278749,3834,5715.0,269606.0,20.0,9582.042992962652,1177617.0,,1.3734305314251938,84000020.0,USA,40421.904401653934,,2021-02-02,,,278683,66.0,3834,0.0
Kansas,US,2021-02-04 05:30:42,38.5266,-96.7265,280916,3909,5810.0,271603.0,20.0,9656.425637607206,1186849.0,,1.3895109518629898,84000020.0,USA,40738.79437643865,,2021-02-03,,,278749,2167.0,3834,75.0
Kansas,US,2021-02-05 05:30:47,38.5266,-96.7265,280967,3909,5810.0,271644.0,20.0,9657.832969600942,1186849.0,,1.389308473395578,84000020.0,USA,40738.79437643865,,2021-02-04,,,280916,51.0,3909,0.0
Kansas,US,2021-02-06 05:30:40,38.5266,-96.7265,283508,4112,5912.0,273902.0,20.0,9745.808381794754,1197053.0,,1.4482646886864887,84000020.0,USA,41089.04841702611,,2021-02-05,,,280967,2541.0,3909,203.0
Kansas,US,2021-02-07 05:30:57,38.5266,-96.7265,283561,4112,5912.0,273902.0,20.0,9745.808381794754,1197053.0,,1.4482646886864887,84000020.0,USA,41089.04841702611,,2021-02-06,,,283508,53.0,4112,0.0
Kansas,US,2021-02-08 05:30:33,38.5266,-96.7265,283561,4113,5912.0,273901.0,20.0,9745.808381794754,1197053.0,,1.4486168931341266,84000020.0,USA,41089.04841702611,,2021-02-07,,,283561,0.0,4112,1.0
Kansas,US,2021-02-09 05:30:43,38.5266,-96.7265,284925,4205,5954.0,275179.0,20.0,9794.27552265221,1203759.0,,1.4736908508505702,84000020.0,USA,41319.233010928445,,2021-02-08,,,283561,1364.0,4113,92.0
Kansas,US,2021-02-10 05:30:29,38.5266,-96.7265,284976,4205,5954.0,275182.0,20.0,9794.378498163947,1203759.0,,1.4736753568537293,84000020.0,USA,41319.233010928445,,2021-02-09,,,284925,51.0,4205,0.0
Kansas,US,2021-02-11 05:30:49,38.5266,-96.7265,286848,4308,6018.0,276887.0,20.0,9858.635217487714,1211493.0,,1.499932106137257,84000020.0,USA,41584.70388018593,,2021-02-10,,,284976,1872.0,4205,103.0
Kansas,US,2021-02-12 05:30:51,38.5266,-96.7265,286912,4308,6018.0,276950.0,20.0,9860.797703234186,1211493.0,,1.4996031690778209,84000020.0,USA,41584.70388018593,,2021-02-11,,,286848,64.0,4308,0.0
Kansas,US,2021-02-13 05:30:30,38.5266,-96.7265,288096,4367,6057.0,278051.0,20.0,9901.95358275833,1217589.0,,1.5138226882745471,84000020.0,USA,41793.95012003512,,2021-02-12,,,286912,1184.0,4308,59.0
Kansas,US,2021-02-14 05:30:42,38.5266,-96.7265,288124,4367,6057.0,278051.0,20.0,9901.95358275833,1217589.0,,1.5138226882745471,84000020.0,USA,41793.95012003512,,2021-02-13,,,288096,28.0,4367,0.0
Kansas,US,2021-02-15 05:31:10,38.5266,-96.7265,288124,4367,6057.0,278051.0,20.0,9901.95358275833,1217589.0,,1.5138226882745471,84000020.0,USA,41793.95012003512,,2021-02-14,,,288124,0.0,4367,0.0
Kansas,US,2021-02-16 05:31:00,38.5266,-96.7265,289411,4408,6087.0,279333.0,20.0,9948.39553855163,1224232.0,,1.5209020522516803,84000020.0,USA,42021.972228190985,,2021-02-15,,,288124,1287.0,4367,41.0
Kansas,US,2021-02-17 05:30:30,38.5266,-96.7265,289450,4408,6087.0,279348.0,20.0,9948.910416110311,1224232.0,,1.5208233422922064,84000020.0,USA,42021.972228190985,,2021-02-16,,,289411,39.0,4408,0.0
Kansas,US,2021-02-18 05:30:52,38.5266,-96.7265,290700,4520,6137.0,280436.0,20.0,9991.81687933398,1229298.0,,1.552768359252885,84000020.0,USA,42195.86354234388,,2021-02-17,,,289450,1250.0,4408,112.0
Kansas,US,2021-02-19 05:31:04,38.5266,-96.7265,290728,4520,6137.0,280467.0,20.0,9992.880959621927,1229298.0,,1.5526030145230212,84000020.0,USA,42195.86354234388,,2021-02-18,,,290700,28.0,4520,0.0
Kansas,US,2021-02-20 05:30:30,38.5266,-96.7265,292804,4611,6206.0,282398.0,20.0,10064.654891302482,1238423.0,,1.572566205685248,84000020.0,USA,42509.08072387666,,2021-02-19,,,290728,2076.0,4520,91.0
Kansas,US,2021-02-21 05:30:53,38.5266,-96.7265,292838,4611,6206.0,282398.0,20.0,10064.654891302482,1238423.0,,1.572566205685248,84000020.0,USA,42509.08072387666,,2021-02-20,,,292804,34.0,4611,0.0
Kansas,US,2021-02-22 05:30:43,38.5266,-96.7265,292838,4611,6206.0,282398.0,20.0,10064.654891302482,1238423.0,,1.572566205685248,84000020.0,USA,42509.08072387666,,2021-02-21,,,292838,0.0,4611,0.0
Kansas,US,2021-02-23 05:30:53,38.5266,-96.7265,293681,4640,6235.0,283205.0,20.0,10094.34616385326,1243499.0,,1.5778019586507073,84000020.0,USA,42683.315289735336,,2021-02-22,,,292838,843.0,4611,29.0
Kansas,US,2021-02-24 05:31:21,38.5266,-96.7265,293703,4640,,,20.0,10094.723740729629,1243499.0,,1.577742943510682,84000020.0,USA,42683.315289735336,,2021-02-23,,,293681,22.0,4640,0.0
Kansas,US,2021-02-25 05:31:00,38.5266,-96.7265,294801,4719,,,20.0,10132.4127780253,1248768.0,,1.5986368055720233,84000020.0,USA,42864.17461351575,,2021-02-24,,,293703,1098.0,4640,79.0
Kansas,US,2021-02-26 05:30:48,38.5266,-96.7265,294823,4719,,,20.0,10133.305232460352,1248768.0,,1.5984960113815354,84000020.0,USA,42864.17461351575,,2021-02-25,,,294801,22.0,4719,0.0
Kansas,US,2021-02-27 05:30:48,38.5266,-96.7265,295605,4730,,,20.0,10160.14751585308,1254463.0,,1.5979891688091434,84000020.0,USA,43059.65645996278,,2021-02-26,,,294823,782.0,4719,11.0
Kansas,US,2021-02-28 05:30:29,38.5266,-96.7265,295631,4730,,,20.0,10160.14751585308,1254463.0,,1.5979891688091434,84000020.0,USA,43059.65645996278,,2021-02-27,,,295605,26.0,4730,0.0
Kansas,US,2021-03-01 05:30:39,38.5266,-96.7265,295631,4730,,,20.0,10160.14751585308,1254463.0,,1.5979891688091434,84000020.0,USA,43059.65645996278,,2021-02-28,,,295631,0.0,4730,0.0
